listing_id,high,medium,low
7142618,0.111540257148,0.432735848215,0.455723894637
7210040,0.236752487481,0.45257750211,0.310670010409
7103890,0.0257166846356,0.125708289928,0.848575025436
7143442,0.0459737430089,0.29552968431,0.658496572681
6860601,0.0340502895407,0.192582419228,0.773367291232
6840081,0.0100246866788,0.0332535961618,0.956721717159
6922337,0.0593354490966,0.289539261177,0.651125289726
6913616,0.225793359473,0.519556106386,0.25465053414
6937820,0.138744088276,0.334699219887,0.526556691836
6893933,0.0335286752471,0.230567986992,0.735903337761
6832604,0.0147969180873,0.039054369059,0.946148712854
6915282,0.103999483024,0.437285827467,0.458714689509
7127565,0.0602421844121,0.186990537562,0.752767278026
6827899,0.0124275829502,0.0537127380965,0.933859678953
6934855,0.00565275056196,0.0221246819213,0.972222567517
6861826,0.0440694953152,0.265534529838,0.690395974847
6871643,0.0591967827801,0.251689494622,0.689113722598
6842542,0.00247711417908,0.0260625136984,0.971460372123
6934145,0.0172867227471,0.0988185984001,0.883894678853
6829365,0.14225642543,0.50528490311,0.35245867146
7167858,0.0711006197154,0.23737754478,0.691521835505
6859483,0.0348657065625,0.257253576552,0.707880716886
6861377,0.0635310288659,0.262889185661,0.673579785473
6848960,0.142304658794,0.492008925874,0.365686415332
6918850,0.0285366236692,0.205761771305,0.765701605025
6916867,0.205331173405,0.455768145735,0.33890068086
6895840,0.0521278035668,0.194209052269,0.753663144164
6813539,0.534509146867,0.264654536231,0.200836316902
7116900,0.0444981237165,0.262958430642,0.692543445641
6890328,0.246063231846,0.216774890721,0.537161877433
6879406,0.0460160339343,0.172031964019,0.781952002046
6824924,0.0637598324281,0.343238676759,0.593001490813
6911302,0.13603093565,0.195937709352,0.668031354999
6918742,0.238655021734,0.48569853484,0.275646443426
6910586,0.0179236793685,0.105700896293,0.876375424339
6821750,0.0136421218032,0.0716353057337,0.914722572463
6860647,0.0822341905636,0.362993496499,0.554772312937
6932873,0.149170124817,0.48521067935,0.365619195833
6846053,0.012761346261,0.0524638103275,0.934774843411
6940365,0.0308969902738,0.13457768405,0.834525325676
6931867,0.0233589921166,0.208169469804,0.768471538079
6876383,0.0943399277664,0.171943638454,0.733716433779
6910980,0.120871009863,0.354999016048,0.524129974089
6880877,0.122419242766,0.320226183934,0.5573545733
6839552,0.0996661354029,0.361396830113,0.538937034484
6838051,0.236125025444,0.504691137239,0.259183837317
6928201,0.648630556781,0.275740256083,0.0756291871367
6945608,0.157247117084,0.493556781962,0.349196100954
6816147,0.088670316913,0.253560904443,0.657768778644
6868129,0.092272057558,0.417384325781,0.490343616662
6849448,0.0602583347533,0.236174600631,0.703567064616
7113677,0.154813278252,0.522040304248,0.3231464175
6930856,0.0102461730339,0.0956662284893,0.894087598477
6889594,0.0857280741799,0.320257579415,0.594014346406
6842682,0.0162588829152,0.0574366724375,0.926304444647
6880366,0.215834798841,0.514105241725,0.270059959435
6835063,0.0161538156952,0.0284266524453,0.955419531859
6820479,0.366359824839,0.240250733846,0.393389441315
6882057,0.0286465533356,0.165942443377,0.805411003288
6834440,0.0860387570665,0.371398233249,0.542563009685
6880846,0.00201567782332,0.00777559201125,0.990208730165
6847248,0.00717198946487,0.0471623220037,0.945665688531
6868368,0.0157807238933,0.0626016836478,0.921617592459
6943505,0.0473968587659,0.260164185189,0.692438956045
7174304,0.0240823734216,0.0844134056187,0.89150422096
6880747,0.0292292916703,0.117759423671,0.853011284659
6933565,0.092315353248,0.278570884321,0.629113762431
6888511,0.00316322606743,0.010984242386,0.985852531547
6942704,0.117741373424,0.461953029865,0.420305596711
6840304,0.17636719262,0.480686262671,0.34294654471
6856860,0.0126144786818,0.0725317622781,0.91485375904
6884921,0.00190418269732,0.00934152874665,0.988754288556
6937417,0.00718495088372,0.0703820739677,0.922432975149
6831129,0.00900988972948,0.0262116894302,0.96477842084
6936660,0.107146114646,0.333717294463,0.559136590891
6940667,0.023453940666,0.111907550276,0.864638509058
7201307,0.00754206661408,0.0159166892513,0.976541244135
6825434,0.0199383163696,0.228225717269,0.751835966362
6848114,0.0695514623035,0.119443895127,0.81100464257
6947758,0.776923500407,0.155409680682,0.0676668189117
6897002,0.221971245881,0.456561217757,0.321467536362
6926661,0.00977438140363,0.0873836447314,0.902841973865
6867411,0.0867996413534,0.461481696212,0.451718662435
6910154,0.0166823731714,0.128051180327,0.855266446501
7157900,0.0751030125111,0.304038383084,0.620858604405
6922324,0.0456174976862,0.340092862265,0.614289640048
6863068,0.00376429393464,0.0486973192283,0.947538386837
6912109,0.0355475664389,0.242500219531,0.72195221403
6918609,0.0252120525109,0.190511376724,0.784276570765
6889300,0.138460954359,0.330575865798,0.530963179842
6837794,0.0888594575764,0.279978981189,0.631161561235
6943098,0.271022787473,0.416289777852,0.312687434675
6927601,0.096458574479,0.320430829488,0.583110596033
6897826,0.00622683513887,0.0332315373809,0.96054162748
6882892,0.00507760285499,0.0402714361158,0.954650961029
6873384,0.315670529072,0.478046427027,0.206283043901
6934693,0.0150351051495,0.0749801551247,0.909984739726
7224450,0.0372434945067,0.258289199924,0.704467305569
6898157,0.0041902890131,0.0238718332715,0.971937877715
6837355,0.00541106063508,0.0527862880005,0.941802651364
6830595,0.207061715684,0.451995136153,0.340943148163
6943561,0.23542879566,0.487692686937,0.276878517403
6844380,0.182211505323,0.48629962243,0.331488872246
6814286,0.0280831706875,0.128686361253,0.843230468059
6898520,0.101715052483,0.457630905353,0.440654042164
6940979,0.143621321956,0.459500059464,0.39687861858
6851090,0.150829835949,0.250326487944,0.598843676108
7107169,0.0360989433208,0.212514526897,0.751386529782
6830287,0.0748449300497,0.275910846237,0.649244223713
6933575,0.130707347329,0.492138379389,0.377154273281
6938972,0.115390493321,0.335520396129,0.549089110549
6888315,0.00222356915984,0.0146978854455,0.983078545395
6855106,0.0210219026092,0.219229264879,0.759748832511
6838237,0.116425584801,0.317843977111,0.565730438087
6901024,0.110849237159,0.3411921791,0.547958583742
6846627,0.0150504509106,0.0725162866513,0.912433262438
7219857,0.00175502819922,0.0150046770083,0.983240294793
6852685,0.0630076494784,0.267842941847,0.669149408675
6831610,0.0844267526623,0.541305457875,0.374267789463
6943538,0.12610248926,0.601735451245,0.272162059495
6911637,0.00325824368071,0.014484995645,0.982256760674
6854543,0.0176775751939,0.0853783706205,0.896944054186
6940451,0.0958335658184,0.403044337446,0.501122096736
6819530,0.253713843374,0.480621264201,0.265664892426
7093396,0.0754235906194,0.352502472376,0.572073937004
6840326,0.0487996283414,0.106664088096,0.844536283563
6834204,0.0232781782913,0.0695146867462,0.907207134962
6902518,0.180215531393,0.415555506285,0.404228962323
6930253,0.0191674907894,0.123925377698,0.856907131513
6828293,0.00241473998956,0.0189732880043,0.978611972006
7203744,0.782667631788,0.149008866832,0.0683235013799
6816478,0.185517482462,0.178740438919,0.635742078619
6868890,0.0101736047364,0.0713034248087,0.918522970455
6879338,0.0634202366806,0.369350563389,0.567229199931
6898532,0.0604126277597,0.25712010704,0.6824672652
6899965,0.0380803330196,0.153492304625,0.808427362355
7133875,0.00180226832696,0.00943740691452,0.988760324759
6822218,0.063132782433,0.338966589973,0.597900627594
6814018,0.0769056503885,0.272505207696,0.650589141916
6896376,0.162475330781,0.531177780604,0.306346888615
6918670,0.0877218016593,0.383642097767,0.528636100574
6867839,0.0257508382284,0.0469215138167,0.927327647955
6823554,0.0134945258889,0.0665988357948,0.919906638316
6934798,0.0184281947578,0.0785260109292,0.903045794313
6820823,0.164736302041,0.390948348071,0.444315349889
6880212,0.0342041732834,0.163243078811,0.802552747905
6934814,0.0116143338304,0.0554638843352,0.932921781834
7254134,0.0586508694647,0.20307451737,0.738274613166
6938303,0.279841947782,0.503582813037,0.21657523918
6813807,0.0591598584778,0.332226991322,0.6086131502
6878604,0.0126464383283,0.0236298780574,0.963723683614
6876763,0.0167272303784,0.0353008636774,0.947971905944
6844352,0.0182278043152,0.17956155579,0.802210639894
6915939,0.244988954432,0.455287357249,0.299723688319
7109370,0.0397948229808,0.256249689256,0.703955487763
6855445,0.0306101067215,0.139434014754,0.829955878525
6818668,0.0693768309571,0.271105880455,0.659517288588
6836527,0.0035476932258,0.0116046166989,0.984847690075
6831717,0.0240976297451,0.256973822401,0.718928547854
6937162,0.0851331347424,0.368866928446,0.545999936812
6922876,0.0101776628812,0.0624052487112,0.927417088408
7109482,0.0862371925424,0.417266419931,0.496496387526
6940972,0.0715560182222,0.394614597918,0.533829383859
6883790,0.112677014628,0.198744739035,0.688578246337
6921643,0.0435375269529,0.20897393945,0.747488533597
6935700,0.00666808375349,0.0466309530785,0.946700963168
6827025,0.0174869849994,0.125951206715,0.856561808286
6943096,0.0428183737753,0.218569327773,0.738612298452
7161468,0.0107690925007,0.0432196832,0.946011224299
6879610,0.0274885023344,0.129108801423,0.843402696243
6935762,0.053167418739,0.333612116219,0.613220465042
6925042,0.0139152721466,0.0892109396099,0.896873788243
7121050,0.0322682128122,0.322097430935,0.645634356253
6821601,0.156857167919,0.38378488031,0.459357951771
6926810,0.0246621405579,0.155362532595,0.819975326847
6946532,0.0115474722463,0.120725074849,0.867727452904
6875171,0.0483132033192,0.39450183627,0.557184960411
7096285,0.0983560935867,0.366251029904,0.535392876509
6812321,0.0166534868642,0.066899729117,0.916446784019
6822697,0.0593295040147,0.0923914595762,0.848279036409
6941294,0.0120082731394,0.120402785646,0.867588941215
6873564,0.00620603869292,0.0221218580629,0.971672103244
6926791,0.0559738623847,0.338679198769,0.605346938847
7142444,0.558267300769,0.292285763693,0.149446935537
6878128,0.128581500841,0.45375852147,0.417659977689
6927428,0.0308061023182,0.215004219837,0.754189677844
6812674,0.00337506247983,0.0102843119107,0.986340625609
6881774,0.123092811405,0.439641747289,0.437265441306
7167797,0.00648337865458,0.0455600376682,0.947956583677
6865238,0.09218110226,0.416712470701,0.491106427039
6841710,0.0684827649734,0.149713439888,0.781803795139
6856334,0.0150499961635,0.0358346744937,0.949115329343
6906462,0.00742465114297,0.0773474869828,0.915227861874
6837438,0.0664296377821,0.266392333257,0.667178028961
6908277,0.147948055025,0.38200141989,0.470050525085
6841291,0.0125902263916,0.045912690086,0.941497083522
6915178,0.2020230828,0.3683763997,0.4296005175
6893031,0.122386286389,0.544643661372,0.332970052238
6894985,0.251562937033,0.546732637656,0.201704425311
6931134,0.125908512,0.365839498786,0.508251989214
6872264,0.172918962532,0.431265567606,0.395815469862
6816953,0.205179645858,0.405845386017,0.388974968125
7163518,0.253357445723,0.616134123326,0.13050843095
6893253,0.0289819391824,0.226866678257,0.74415138256
6943822,0.0846637678358,0.206363460395,0.708972771769
6946313,0.0208126735866,0.14802976337,0.831157563043
6839443,0.0734056004922,0.220134112007,0.706460287501
6911338,0.0710405654846,0.332480011356,0.596479423159
7223877,0.740491996185,0.172815365607,0.0866926382073
6917884,0.03298278855,0.302666629016,0.664350582434
6823126,0.00523460839653,0.028450746049,0.966314645555
6939488,0.099622290579,0.244122746203,0.656254963218
7196924,0.0256117289479,0.0816008493956,0.892787421657
6905685,0.0171857610449,0.160166311651,0.822647927304
6894092,0.0256379585699,0.141162836211,0.833199205219
6812181,0.00790991674933,0.063231026963,0.928859056288
6854610,0.0239660695543,0.364908341476,0.611125588969
6873754,0.19877351257,0.435796268285,0.365430219145
6859181,0.908765624965,0.0647748426939,0.0264595323416
6825402,0.0184211202975,0.108177673885,0.873401205818
6819526,0.0207681529967,0.12946799169,0.849763855313
6896065,0.0157727059559,0.0781896544043,0.90603763964
6931793,0.0595298579418,0.326559237905,0.613910904153
6907360,0.0400594788151,0.17218693231,0.787753588874
6813182,0.0186480232841,0.0448599801917,0.936491996524
6823959,0.00977267229174,0.115636073871,0.874591253838
6942189,0.19695175701,0.511098164972,0.291950078018
6844384,0.0601869899753,0.217932706026,0.721880303999
6836888,0.438803640503,0.409092794896,0.152103564601
6917844,0.016656514248,0.147227266226,0.836116219526
6937842,0.134475215898,0.585886332447,0.279638451655
6926917,0.102550375916,0.409525386159,0.487924237924
7160740,0.126983823354,0.264728877482,0.608287299165
6936310,0.0728011732522,0.309254875434,0.617943951314
6849109,0.146055898883,0.526130535369,0.327813565748
6831018,0.00196246333414,0.00918487650675,0.988852660159
6909842,0.00536823951696,0.0539226454186,0.940709115064
6861360,0.00848394302928,0.0591154976675,0.932400559303
6883414,0.0449428918197,0.247888291672,0.707168816508
6876026,0.0384178081879,0.19598936346,0.765592828352
7095390,0.00248968321459,0.0110860941092,0.986424222676
6932265,0.423800857151,0.434939240289,0.14125990256
6870949,0.0472607306289,0.259490998177,0.693248271194
6831335,0.0922415674979,0.342115811332,0.56564262117
6895698,0.114783965717,0.351917481273,0.53329855301
6889889,0.0815618553186,0.291283106956,0.627155037726
6876679,0.0245892791639,0.159659060039,0.815751660797
6947097,0.12626799591,0.20256696592,0.671165038171
6874970,0.0165740195899,0.100012939152,0.883413041258
6831069,0.372829718214,0.470954438658,0.156215843128
6833628,0.0615644552755,0.214106258077,0.724329286648
6819282,0.0686455926395,0.301726947616,0.629627459745
6825025,0.0383720742351,0.170329635799,0.791298289966
6856513,0.0628002704824,0.285990304155,0.651209425363
6928711,0.00185537187867,0.00899684929633,0.989147778825
6832548,0.0884040798049,0.357743426368,0.553852493827
6881870,0.0247993215864,0.257816871824,0.717383806589
6866978,0.227360829524,0.550232184115,0.222406986361
7163400,0.253357445723,0.616134123326,0.13050843095
6917187,0.162695825899,0.227617501171,0.60968667293
6927475,0.053123534941,0.276984057043,0.669892408016
6903243,0.216922424344,0.284047943134,0.499029632523
6876188,0.0224839559838,0.144964565755,0.832551478261
6922219,0.00877753005368,0.0849332431686,0.906289226778
7104085,0.00940749091427,0.0257231559602,0.964869353126
6920897,0.18360526124,0.531363483086,0.285031255673
6812177,0.00560491419651,0.0403393031104,0.954055782693
6941047,0.0763589233888,0.412458920116,0.511182156495
6827609,0.00620553622679,0.0253154384911,0.968479025282
6934328,0.0116157782975,0.0565230253553,0.931861196347
6937556,0.60899812844,0.333372381525,0.0576294900348
6879765,0.19100547737,0.52384746164,0.28514706099
6942927,0.0193694214785,0.11817767237,0.862452906152
6945170,0.0721410982807,0.322293621099,0.60556528062
6901915,0.0465546797903,0.281196712787,0.672248607423
6824475,0.0179980649432,0.137776120177,0.84422581488
6832968,0.0649887905413,0.31154479761,0.623466411849
7166718,0.00212265521663,0.0074871523272,0.990390192456
6905079,0.0147220673814,0.116274244269,0.869003688349
6940297,0.302401207358,0.495613043973,0.201985748669
6911080,0.0393903248299,0.384728537842,0.575881137328
6917208,0.0144685848514,0.0588336432673,0.926697771881
6858925,0.0563739024899,0.388411938714,0.555214158796
7169883,0.15084664495,0.477077900381,0.372075454668
6944112,0.416480860631,0.49927697177,0.0842421675984
6885816,0.0465321217789,0.254259195952,0.699208682269
6837733,0.0121882163133,0.124985909249,0.862825874438
6828658,0.0532900438826,0.223585008477,0.723124947641
6839429,0.232782081555,0.396979474156,0.370238444288
7164794,0.0866257759699,0.247432121696,0.665942102334
6837661,0.0573993824384,0.281177614381,0.66142300318
6883255,0.00695469538152,0.0745647190229,0.918480585596
6833054,0.109871071977,0.309494922119,0.580634005904
7675463,0.0992427069837,0.356897778062,0.543859514955
6871526,0.125062890977,0.250856218031,0.624080890992
6876295,0.0493248503413,0.400714446821,0.549960702837
7204045,0.00463960614304,0.0650414291206,0.930318964736
6840357,0.0939752134563,0.322611358645,0.583413427898
6917531,0.00200125481428,0.00909807392584,0.98890067126
6886057,0.269869869869,0.532292271329,0.197837858802
6833734,0.0523985298042,0.446466104423,0.501135365773
6908098,0.0910748250332,0.466907311362,0.442017863605
6860562,0.0416227620741,0.185671794845,0.772705443081
6859167,0.173053209479,0.196818267997,0.630128522524
6812141,0.00685877279765,0.0320853830555,0.961055844147
6919431,0.00672438295841,0.0743258124381,0.918949804604
6869389,0.0251666190182,0.0948465014228,0.879986879559
6906034,0.0102016938955,0.0686668520653,0.921131454039
7108495,0.00612232056089,0.0200802603929,0.973797419046
6864681,0.00224804711595,0.0178588521112,0.979893100773
6893982,0.0172216902353,0.155655243388,0.827123066377
6862160,0.0901763607092,0.3422316213,0.567592017991
6854804,0.0308485612246,0.293873313371,0.675278125404
7143164,0.0339664316667,0.289914336139,0.676119232194
6936651,0.0357178247597,0.198712634597,0.765569540643
6837450,0.0245858491079,0.180270993634,0.795143157258
6908259,0.805309073325,0.154668377928,0.0400225487469
6916539,0.0942362262527,0.311709829199,0.594053944548
6947176,0.097142101198,0.301018430579,0.601839468223
6933958,0.362573231544,0.45949510389,0.177931664566
6816549,0.316965203892,0.463856738896,0.219178057212
6876117,0.00660492114559,0.0722544306049,0.921140648249
6848605,0.063930913939,0.371834960522,0.564234125539
6840659,0.0641530702324,0.272130679874,0.663716249894
6823496,0.188662993566,0.411795258214,0.39954174822
6912609,0.00178730900243,0.00669025065204,0.991522440346
7097937,0.0114652667046,0.0738901922355,0.91464454106
6924524,0.031251476659,0.188937992453,0.779810530888
6938236,0.134295352812,0.456158034409,0.409546612779
6865751,0.00826948623948,0.0354463337499,0.956284180011
6936323,0.0102536023439,0.0813363769061,0.90841002075
6868422,0.137861905339,0.458354740661,0.403783354
7210133,0.0713959774496,0.276806940968,0.651797081583
7215631,0.0266335871459,0.152730470751,0.820635942103
6940189,0.0344354619557,0.18884514105,0.776719396995
6888941,0.00377966077739,0.0372870015287,0.958933337694
6831598,0.0996270037968,0.307020085336,0.593352910868
6939963,0.0150901205602,0.110373849868,0.874536029572
6897175,0.190137863842,0.464912558356,0.344949577802
6816167,0.0892828400885,0.239118627322,0.67159853259
6812965,0.0315688356545,0.160076867039,0.808354297306
7149372,0.241307798277,0.56437858269,0.194313619033
6875959,0.0125980123097,0.0471213513132,0.940280636377
6925644,0.0716193570804,0.462874232744,0.465506410175
6874269,0.087970380165,0.394842534411,0.517187085424
6814721,0.0238664292272,0.129954034666,0.846179536107
6922432,0.040661040154,0.29887568798,0.660463271866
6858861,0.0186591824684,0.103124180258,0.878216637274
6835339,0.0125226135534,0.0235283327444,0.963949053702
6896997,0.121052924776,0.43747009969,0.441476975534
6921134,0.00840393774686,0.0237885221058,0.967807540147
6883685,0.173906190456,0.530576253982,0.295517555562
6911406,0.00238485880302,0.00886642340847,0.988748717789
6825733,0.777749985586,0.132953744737,0.0892962696775
6884462,0.157027259887,0.514599914026,0.328372826087
6858682,0.0128975896767,0.0903946244137,0.89670778591
6894013,0.108656716344,0.406765411588,0.484577872069
6856391,0.311265190287,0.394966002715,0.293768806998
6828064,0.00295723922178,0.0249195421938,0.972123218584
6817336,0.000983279514443,0.00629530234897,0.992721418137
6819178,0.0487269363132,0.21615698774,0.735116075947
7147339,0.137472170154,0.388268207477,0.474259622368
6887757,0.240255197548,0.428451534065,0.331293268387
6946859,0.0537109473192,0.271624225095,0.674664827586
6855963,0.0543446169802,0.154730183475,0.790925199544
6839828,0.122255537973,0.442078698681,0.435665763346
6870806,0.126024392411,0.429647891962,0.444327715627
6880221,0.0955129583574,0.312777424862,0.59170961678
6921809,0.0606906497781,0.318152910775,0.621156439447
6897069,0.110301719049,0.367019891867,0.522678389084
6897157,0.262047734294,0.456185899493,0.281766366214
6898912,0.0322298486351,0.176544568041,0.791225583324
6856271,0.0403237299671,0.298831802092,0.660844467941
6888381,0.00550289497201,0.0138696775905,0.980627427437
7099191,0.0223254956404,0.0767569367282,0.900917567631
6917882,0.106027099321,0.362491905581,0.531480995097
6931260,0.000482311371835,0.00382646273013,0.995691225898
6849996,0.134243237101,0.372301411038,0.493455351862
6887973,0.0698769500639,0.340392868472,0.589730181465
6850205,0.199759706857,0.516507729631,0.283732563512
6845657,0.0252000292776,0.244868164018,0.729931806704
6930302,0.0112692498487,0.0826117343606,0.906119015791
6852391,0.0785624145855,0.153071269811,0.768366315603
6920411,0.2407420575,0.388750626497,0.370507316003
6907999,0.0176380025976,0.162038782769,0.820323214633
6864094,0.029272605717,0.158083065795,0.812644328488
6813852,0.0358228897521,0.188327861576,0.775849248672
7232295,0.17931654739,0.410650409816,0.410033042794
6896558,0.0828822222718,0.366540442531,0.550577335198
6858919,0.0671448302109,0.318255886877,0.614599282912
6847828,0.0366624281721,0.198284324915,0.765053246913
6925116,0.0641585340342,0.306112891966,0.629728574
6854687,0.0771594495265,0.285802396138,0.637038154335
6946415,0.0496345191976,0.5261436687,0.424221812102
6827859,0.00149857978592,0.0054159305952,0.993085489619
6884313,0.441947607963,0.441031944916,0.117020447122
6848651,0.0244866831297,0.253100170052,0.722413146818
7136298,0.0305179293034,0.180667032725,0.788815037972
6874534,0.0726864506666,0.277474882734,0.649838666599
6908942,0.312116197224,0.539495705804,0.148388096972
6894718,0.00272165292805,0.0201160923092,0.977162254763
6876449,0.0916856117734,0.294050145149,0.614264243078
6825630,0.147673158632,0.509663950151,0.342662891217
7155655,0.0127354025277,0.0860971934769,0.901167403995
7201310,0.0410044786604,0.173666442345,0.785329078994
6864334,0.00801892823345,0.0821723202784,0.909808751488
6876658,0.0164710401359,0.146465114453,0.837063845411
6842370,0.0857859309014,0.223436444664,0.690777624435
6835467,0.581206964235,0.276582734917,0.142210300847
7227368,0.122790296017,0.377696118489,0.499513585495
6859482,0.0587352597622,0.275103130256,0.666161609982
6878641,0.0286040901682,0.227934842594,0.743461067238
6869916,0.00102062844672,0.00570844901418,0.993270922539
6841060,0.0935483483768,0.349866948052,0.556584703572
6887832,0.02163928386,0.137830678118,0.840530038022
6905898,0.00641210080936,0.0303610228311,0.96322687636
7104742,0.139164964101,0.544795792893,0.316039243006
6948090,0.086618321137,0.345627960941,0.567753717922
6839851,0.105980669143,0.490925676713,0.403093654144
6934051,0.0250346522983,0.109539906751,0.865425440951
6888727,0.158970536751,0.525706171534,0.315323291714
7167478,0.0185170497826,0.0859120916501,0.895570858567
6892109,0.246431233556,0.442877383465,0.310691382979
6908544,0.616542730669,0.267303267672,0.116154001659
6921725,0.0470112604352,0.301382752902,0.651605986663
6932343,0.0880562712228,0.464890692965,0.447053035812
6914309,0.0130587545325,0.0429336489976,0.94400759647
6919805,0.0952300708086,0.292190114043,0.612579815149
6947828,0.0686992741231,0.264947830456,0.666352895421
6920362,0.0754859372057,0.351840354619,0.572673708175
7110179,0.678803948064,0.234329229742,0.0868668221946
6877834,0.242244765748,0.382105175453,0.3756500588
6876966,0.134131285188,0.365501388555,0.500367326257
6823918,0.0227988956484,0.0915697197164,0.885631384635
6871243,0.00937179735191,0.0725301882581,0.91809801439
6928189,0.177647359275,0.565059971836,0.257292668889
6852455,0.0855219220968,0.277015302987,0.637462774917
7208631,0.0187999204043,0.183404639419,0.797795440176
6831811,0.285965491688,0.49495165613,0.219082852182
6904276,0.00448463850425,0.0233419401902,0.972173421306
6831589,0.114656387598,0.269380040399,0.615963572002
6901814,0.0241895909962,0.108086981539,0.867723427464
6854667,0.807938369892,0.12111000614,0.0709516239678
7192650,0.0100421154925,0.0417936492943,0.948164235213
6836299,0.0162923557823,0.0704372556053,0.913270388612
6887919,0.0138329445302,0.0926937710518,0.893473284418
6927679,0.0905612368863,0.454164536342,0.455274226772
6855908,0.0792658405045,0.280197849093,0.640536310402
6854766,0.0190137920139,0.10750254799,0.873483659996
6847472,0.0460946523719,0.196821795602,0.757083552026
6862519,0.101659408293,0.267586046072,0.630754545635
6938819,0.348851020979,0.385177511327,0.265971467693
6945434,0.0531246706728,0.390016313996,0.556859015331
6832722,0.823967997237,0.0854730805017,0.0905589222609
6852707,0.00744495263872,0.063373747063,0.929181300298
7177680,0.021661532645,0.225448355525,0.75289011183
6834945,0.0633216754637,0.0898448026519,0.846833521884
6890316,0.0214191339427,0.165105428127,0.81347543793
6816620,0.00712892473859,0.0285217212658,0.964349353996
6945175,0.00632194758715,0.0467113794224,0.94696667299
6914016,0.00925341060158,0.0859681288355,0.904778460563
6852619,0.0669441346435,0.266990177207,0.666065688149
6813211,0.191385444252,0.356907723364,0.451706832384
6820546,0.0268357457673,0.173222842729,0.799941411504
6836128,0.0113133103379,0.0297871357133,0.958899553949
6850557,0.190610787367,0.514704295618,0.294684917015
6864997,0.0313048054265,0.0521191741578,0.916576020416
6883705,0.0232624671773,0.0802222764567,0.896515256366
6898767,0.0286620911242,0.118397197186,0.85294071169
6866020,0.011265276624,0.120795180133,0.867939543243
7126382,0.642456174991,0.289313362535,0.0682304624747
6847427,0.198152373306,0.423369097132,0.378478529561
6841013,0.0664361532332,0.205463988705,0.728099858062
6909469,0.00547466234793,0.0142928187336,0.980232518918
6922473,0.0108426757892,0.0747694249924,0.914387899218
6925906,0.0470350708919,0.266380463699,0.68658446541
6946014,0.0625133603624,0.390687235118,0.54679940452
6820739,0.0207444891392,0.199113943051,0.78014156781
6927559,0.213328304099,0.486193514858,0.300478181043
7174772,0.00480174868073,0.0272817268339,0.967916524485
6931036,0.0199009462724,0.209056029145,0.771043024582
6918163,0.0374975572258,0.252512414139,0.709990028635
6893604,0.0689247852033,0.294019972199,0.637055242597
6868844,0.0614829245747,0.346168554293,0.592348521132
6814537,0.403724975065,0.208765883612,0.387509141323
6916118,0.0123089651868,0.0390323857208,0.948658649092
6838509,0.0672798153391,0.365234045407,0.567486139254
6919725,0.248460586827,0.445735805737,0.305803607436
6932476,0.00641248616246,0.0229213235781,0.970666190259
6860496,0.117692487896,0.326669863549,0.555637648555
7156799,0.0439715983814,0.411656874584,0.544371527034
6837521,0.0184712668756,0.0895156197356,0.892013113389
6913204,0.0695765097259,0.287046543768,0.643376946506
6947516,0.104312881353,0.470585408279,0.425101710368
6838117,0.0262970468065,0.16320494341,0.810498009784
6933366,0.0582019933625,0.233248946664,0.708549059973
7134198,0.0370445543445,0.297070910022,0.665884535634
6898450,0.0487200042853,0.291577629562,0.659702366152
6819926,0.0142820253793,0.0593930911803,0.92632488344
6947698,0.0552536118466,0.257948407469,0.686797980685
6838721,0.0156344143256,0.0396521353032,0.944713450371
6936661,0.1163842735,0.434970183176,0.448645543324
6912257,0.0262674763012,0.254289692481,0.719442831218
6905569,0.0112342177343,0.0481571735081,0.940608608758
6927167,0.15348939782,0.503981061465,0.342529540714
7150689,0.0560081750714,0.0847188142745,0.859273010654
6820358,0.0572103426539,0.274889142783,0.667900514563
6945045,0.0648727614025,0.340442938559,0.594684300038
6866884,0.0451389390721,0.140601546882,0.814259514046
6820658,0.0678587701101,0.331034248689,0.6011069812
6826462,0.0702163867469,0.226488574686,0.703295038567
6932390,0.0862218249332,0.293761115266,0.620017059801
6905031,0.230862978547,0.455010387685,0.314126633768
6923011,0.036075598294,0.155074699141,0.808849702565
6908504,0.206426034671,0.578764013909,0.21480995142
6881050,0.112670504547,0.15224687183,0.735082623623
6892968,0.0133932269936,0.112412211902,0.874194561104
7346996,0.280615991312,0.449380273533,0.270003735155
6876206,0.0247430835644,0.176480725918,0.798776190517
6813475,0.073412920467,0.242911210023,0.68367586951
7190057,0.133597689326,0.208879926384,0.657522384291
6838465,0.196518829049,0.480451623321,0.323029547629
6899364,0.0463425297012,0.204377079541,0.749280390758
6891616,0.00165823104589,0.0071504285667,0.991191340387
6836715,0.00832836931347,0.0710798571544,0.920591773532
6829616,0.0181831767093,0.14369111196,0.838125711331
6829144,0.0416102475765,0.312054584608,0.646335167816
6893064,0.0146106081216,0.148514769966,0.836874621913
6861300,0.0117188600025,0.089276143453,0.899004996544
6926847,0.0998119936162,0.502165833197,0.398022173187
6894021,0.00964151615616,0.0671411529653,0.923217330879
6897946,0.0181841317986,0.05633691873,0.925478949471
6835716,0.0183878590096,0.116346680866,0.865265460125
6832160,0.409609432655,0.467889262933,0.122501304412
6835291,0.0872167309814,0.206337370965,0.706445898054
6945184,0.00546396838449,0.046185288153,0.948350743463
7140488,0.0662593396892,0.350965559833,0.582775100478
6937850,0.0779319662421,0.436167267767,0.485900765991
6899603,0.0209890014144,0.114517879153,0.864493119432
6903105,0.204434705028,0.409456864422,0.38610843055
6828476,0.017142044179,0.123473912742,0.859384043079
6835098,0.025352682907,0.0608667648682,0.913780552225
6830512,0.0437704650491,0.174866273665,0.781363261286
6879997,0.0740332440895,0.237599616628,0.688367139283
7131517,0.041580629258,0.342521215417,0.615898155325
6835955,0.0974584517378,0.240220621955,0.662320926307
6875250,0.0344671390883,0.177269250013,0.788263610899
6932794,0.0723428947466,0.407745815289,0.519911289965
6948263,0.0304487820676,0.21155562423,0.757995593702
6867201,0.28047681678,0.479339235648,0.240183947572
6882748,0.059053069185,0.156515771982,0.784431158833
6902842,0.128582597447,0.344260240838,0.527157161715
6847535,0.0330190065568,0.329341249543,0.6376397439
6825267,0.022642431642,0.137012740916,0.840344827442
6909277,0.00338338294171,0.0298327310488,0.966783886009
7152429,0.327345019033,0.503051671235,0.169603309732
6931179,0.00272584537478,0.0269767697212,0.970297384904
6896746,0.220827545399,0.55880276713,0.220369687471
6937073,0.012306318974,0.0690257996977,0.918667881328
6934627,0.0020011898412,0.00711238310225,0.990886427057
6887878,0.171153239892,0.408170466505,0.420676293603
6921531,0.045805547427,0.235097015038,0.719097437535
6897461,0.0139128920625,0.035378516805,0.950708591133
6862066,0.0678432189998,0.296774509758,0.635382271242
6851531,0.147145693643,0.377905653523,0.474948652834
6928550,0.0130708607831,0.0513967940103,0.935532345207
6945851,0.035931758209,0.228917713226,0.735150528565
6946955,0.0106639189107,0.0394108419197,0.94992523917
6869136,0.0768843009604,0.570675897167,0.352439801873
6908667,0.0535158261002,0.379180196048,0.567303977851
6820525,0.0304433146433,0.189401067297,0.78015561806
6887970,0.11441598194,0.422008063643,0.463575954417
6848365,0.0463495197326,0.298493947634,0.655156532633
6816173,0.0435323002204,0.154040082046,0.802427617734
6900732,0.00861271371203,0.0321169659132,0.959270320375
6815786,0.0894010828248,0.474524391598,0.436074525577
6945972,0.147768286718,0.393360228007,0.458871485275
6848445,0.0163625554192,0.105670067157,0.877967377424
6856486,0.165106283294,0.494943288841,0.339950427865
6867010,0.0250819025069,0.221239574196,0.753678523297
6828257,0.0589646479235,0.11200231634,0.829033035737
6871807,0.0478865384549,0.287600016605,0.66451344494
7212966,0.000475947816532,0.00251015178661,0.997013900397
6889959,0.0472733540241,0.154974888464,0.797751757512
6915510,0.0121100626031,0.0836110642913,0.904278873106
6905402,0.0111167096366,0.125355349577,0.863527940786
6826100,0.115879482027,0.535043113648,0.349077404325
6848893,0.0377079339335,0.189720279898,0.772571786168
7155647,0.174284778072,0.285616937612,0.540098284316
6812883,0.182232477224,0.493624549775,0.324142973001
6866095,0.0165205019707,0.121904572295,0.861574925735
6931127,0.00826810051773,0.0905939183502,0.901137981132
6829407,0.011992773379,0.0982381924478,0.889769034173
6867548,0.415890829959,0.429445415076,0.154663754965
7132575,0.0641770885781,0.327232379897,0.608590531525
6890847,0.0842409830675,0.26030510151,0.655453915422
6916429,0.0845271551193,0.0825596096351,0.832913235246
6884716,0.753488777404,0.191083407723,0.0554278148725
6896897,0.535937395883,0.33262376599,0.131438838127
6941572,0.0421660278809,0.233378168384,0.724455803735
6945277,0.108500506242,0.407907431111,0.483592062646
7133293,0.0219500356222,0.103315541422,0.874734422956
7213385,0.0027769384117,0.0182755415813,0.978947520007
6831928,0.0653929341236,0.317764395165,0.616842670711
6932687,0.0165325421154,0.120814657413,0.862652800472
6873877,0.0375344083938,0.186883353277,0.775582238329
7135459,0.0821532697924,0.363771042261,0.554075687946
6876620,0.00874471075761,0.0683464026911,0.922908886551
6936163,0.0113652539453,0.0737691392993,0.914865606755
6912398,0.127115675882,0.284819055286,0.588065268831
6917655,0.00847537709198,0.0256577327449,0.965866890163
6941149,0.022295362491,0.17180429217,0.805900345339
6941378,0.0319685185751,0.235010923331,0.733020558094
6882453,0.0185397364863,0.0983046036576,0.883155659856
7119160,0.0311456115008,0.159336313082,0.809518075417
6868451,0.0705395460562,0.308176430044,0.6212840239
6945881,0.0321434784536,0.237715013972,0.730141507574
6822541,0.00273926924338,0.0562224440049,0.941038286752
6884355,0.182268715671,0.45604659731,0.361684687019
7132247,0.0692602405846,0.338367329608,0.592372429807
6872049,0.0885986162248,0.454320866463,0.457080517312
6890740,0.0124412103811,0.0868699476192,0.900688842
6840897,0.226272857214,0.332699959343,0.441027183443
6847694,0.0236688574721,0.155602981308,0.820728161219
6938196,0.0148794876607,0.126743278675,0.858377233665
6939526,0.0245209694859,0.114899182305,0.860579848209
6917529,0.00637979560152,0.0200338003048,0.973586404094
6885636,0.0187972711181,0.0763649765605,0.904837752321
7202614,0.00242128011707,0.0122823179289,0.985296401954
6926453,0.105034593356,0.464252999967,0.430712406677
6844636,0.116418845947,0.398376086256,0.485205067797
6879293,0.59162862131,0.280842715163,0.127528663527
6924780,0.0849130173334,0.305610226582,0.609476756084
6881024,0.0180106658304,0.0373208997406,0.944668434429
6851374,0.113838333855,0.355525165405,0.53063650074
6850953,0.0250465444417,0.110411569406,0.864541886152
6892292,0.0094478488297,0.058104501279,0.932447649891
6886159,0.00983076123579,0.0695677688569,0.920601469907
6849877,0.105800115479,0.373677756508,0.520522128013
6940840,0.0226255343733,0.133989281963,0.843385183664
6926838,0.0619009644265,0.388661570767,0.549437464807
6879243,0.228216781028,0.536485318218,0.235297900754
6944286,0.059110632997,0.144323389179,0.796565977824
6915587,0.3771142574,0.443771427489,0.179114315111
6881904,0.0382616346214,0.240982734849,0.72075563053
7154358,0.143190397818,0.461673662593,0.395135939589
6899258,0.0151117443104,0.090299473015,0.894588782675
6855460,0.216022538535,0.503558553689,0.280418907776
6864884,0.0225335587521,0.136948152893,0.840518288355
6868209,0.127815957862,0.467376716389,0.404807325749
6853834,0.0437839877196,0.250596708351,0.705619303929
7210020,0.103182744074,0.41762624747,0.479191008455
6933228,0.0370838288349,0.184130077359,0.778786093806
6929227,0.0602539769872,0.247105713668,0.692640309345
7192346,0.134276420372,0.431752380861,0.433971198767
6928834,0.00476689888519,0.0510716826329,0.944161418482
6812269,0.00482516867278,0.0250978577045,0.970076973623
6851446,0.0166873715832,0.171113301245,0.812199327171
6930820,0.00376444499874,0.0353261539148,0.960909401086
6875310,0.0748786267776,0.240609923186,0.684511450037
6932397,0.0689251223744,0.495354576509,0.435720301117
6904291,0.0059206842182,0.0382966434021,0.95578267238
6921642,0.0560119633591,0.45400160186,0.489986434781
7136057,0.107179681675,0.2989419006,0.593878417725
6920815,0.0236081276352,0.0804557414379,0.895936130927
6861757,0.218429963169,0.619387535267,0.162182501564
6934222,0.38773289864,0.396330443958,0.215936657402
6946448,0.0375381025249,0.0820778794139,0.880384018061
6890569,0.0679489615038,0.230918423123,0.701132615373
6884477,0.0459748403147,0.410804999158,0.543220160527
7145006,0.00210333389778,0.0242715357845,0.973625130318
6893718,0.00533349428089,0.0283076136022,0.966358892117
6893330,0.0325913678344,0.155021190238,0.812387441928
6901780,0.00450057917753,0.0137737432891,0.981725677533
6815738,0.155573714144,0.478278691609,0.366147594247
6917209,0.0205238000391,0.103941148819,0.875535051142
6904227,0.00549175381323,0.0429151730401,0.951593073147
6894402,0.00159848298829,0.00978153670019,0.988619980312
7146083,0.0402641595113,0.247777191216,0.711958649273
6902153,0.0248630815799,0.112145664732,0.862991253688
6925988,0.0276005207915,0.377698840784,0.594700638424
6881323,0.000938242504245,0.0049983060841,0.994063451412
6937405,0.363813729871,0.274985988147,0.361200281982
7098390,0.142454386488,0.421393617212,0.4361519963
6935942,0.0900479529939,0.448411908349,0.461540138658
6833510,0.109887342743,0.403036543794,0.487076113463
6812857,0.0837718151423,0.275962789104,0.640265395753
6828441,0.219282689066,0.430691059717,0.350026251217
6915711,0.238476000873,0.564087013516,0.197436985611
6880643,0.314839297643,0.251787959715,0.433372742642
7224930,0.0612885407652,0.342113363485,0.59659809575
6852614,0.00477375639842,0.0400742749733,0.955151968628
6853816,0.0677417529101,0.274051043075,0.658207204015
6811964,0.329766060366,0.332118223334,0.3381157163
6847800,0.00538659251117,0.0542006276728,0.940412779816
6859897,0.0554308454214,0.405323736369,0.539245418209
6882929,0.00743131593287,0.0402502301802,0.952318453887
7157584,0.0263667639426,0.133085233235,0.840548002822
6863444,0.0135212011463,0.0382259280084,0.948252870845
6836902,0.00532326159387,0.0330964765503,0.961580261856
6918960,0.0604071593832,0.321625121086,0.61796771953
6882854,0.0516078594125,0.340210213408,0.60818192718
6822755,0.00569357328364,0.0163230887364,0.97798333798
6815184,0.170493804109,0.381734481922,0.447771713969
6846582,0.019124166613,0.0585172532182,0.922358580169
6940309,0.0110075131874,0.0570144236505,0.931978063162
6924056,0.0086075146922,0.102672773101,0.888719712207
6824481,0.0103808899847,0.122407284546,0.867211825469
6839735,0.00723113469006,0.0662607017013,0.926508163609
6900130,0.029237942654,0.231127705304,0.739634352042
6946739,0.00715923907506,0.0450457269172,0.947795034008
7144008,0.0292304892476,0.188364234367,0.782405276385
6863751,0.0111465910058,0.0503977307172,0.938455678277
6820293,0.0521982213163,0.411121239787,0.536680538897
6818472,0.010714969353,0.122090513096,0.867194517551
6832420,0.0344519020967,0.146976385754,0.818571712149
6879450,0.00572190127567,0.0208058842131,0.973472214511
6943618,0.0249520507097,0.181749835603,0.793298113687
6883463,0.0428529143918,0.224135420233,0.733011665375
6834919,0.384507508457,0.321374765505,0.294117726037
7505696,0.0430487469797,0.164223771911,0.792727481109
6903645,0.0174868811162,0.0784469020114,0.904066216872
6831148,0.346511131514,0.325277700136,0.32821116835
6828948,0.0663029749067,0.196798656237,0.736898368857
6878495,0.0310933143915,0.169721309303,0.799185376306
6924862,0.00722841758161,0.066064147139,0.926707435279
6887802,0.030821774868,0.216565551405,0.752612673727
6903228,0.690427583121,0.204076739545,0.105495677333
6947415,0.00109186081594,0.00694757204291,0.991960567141
6941508,0.30869998823,0.384622887792,0.306677123978
6856111,0.0291279837724,0.261367717204,0.709504299024
7126808,0.0233130025409,0.1652676561,0.811419341359
6939857,0.00783144331811,0.0817202669109,0.910448289771
6822528,0.238839885824,0.60459478311,0.156565331067
6947631,0.12892381655,0.41708568018,0.45399050327
6887810,0.0134377638645,0.0988309239195,0.887731312216
6849210,0.0466560213798,0.18187153105,0.77147244757
6901742,0.00549409241979,0.0338666387647,0.960639268815
6850925,0.0913606643038,0.471400607492,0.437238728204
7181995,0.214374295056,0.368329258429,0.417296446515
6841559,0.00160371463102,0.00776927147073,0.990627013898
6822957,0.0241720706298,0.103457745138,0.872370184232
