listing_id,high,medium,low
7142618,0.0829570951054,0.255555167864,0.661487737031
7210040,0.088540404923,0.260194306735,0.651265288342
7103890,0.0477514874825,0.217001222725,0.735247289793
7143442,0.0656459759162,0.238972758842,0.695381265241
6860601,0.0207585616319,0.165170911478,0.814070526891
6840081,0.000906929523564,0.0522254250256,0.946867645451
6922337,0.0914425099418,0.262490905624,0.646066584434
6913616,0.156559496813,0.299634151904,0.543806351283
6937820,0.080274383967,0.253215282106,0.666510333927
6893933,0.124622245791,0.284295048251,0.591082705958
6832604,0.0223643023666,0.169411569357,0.808224128276
6915282,0.13255456596,0.28853263085,0.578912803189
7127565,0.036060888952,0.198495551475,0.765443559573
6827899,0.0165803478991,0.152875289564,0.830544362537
6934855,0.0301639726476,0.187250971274,0.782585056078
6861826,0.0776631841554,0.25086360025,0.671473215594
6871643,0.117731947532,0.28034584673,0.601922205739
6842542,0.0416502819729,0.20787386727,0.750475850757
6934145,0.0814994962385,0.254293173316,0.664207330445
6829365,0.0805394224726,0.253449822962,0.666010754565
7167858,0.132169369278,0.28833402881,0.579496601912
6859483,0.124992467832,0.284499950569,0.590507581599
6861377,0.0506305002577,0.220972916448,0.728396583294
6848960,0.0300536226282,0.187024730225,0.782921647147
6918850,0.0818753731572,0.254620712443,0.663503914399
6916867,0.148146482598,0.296011979106,0.555841538296
6895840,0.00779726326888,0.11696011502,0.875242621711
6813539,0.178730708115,0.308001994369,0.513267297516
7116900,0.0698711405596,0.243369235622,0.686759623818
6890328,0.178730708115,0.308001994369,0.513267297516
6879406,0.0148093317526,0.146976471115,0.838214197133
6824924,0.11737690083,0.280135131059,0.602487968111
6911302,0.178730708115,0.308001994369,0.513267297516
6918742,0.0938178153505,0.264315937919,0.641866246731
6910586,0.00510110535617,0.100174664218,0.894724230426
6821750,0.0974708172179,0.267031459122,0.63549772366
6860647,0.0805394224726,0.253449822962,0.666010754565
6932873,0.0745232330109,0.247933067613,0.677543699376
6846053,0.0896923445719,0.261114912194,0.649192743234
6940365,0.0123056639208,0.137709280699,0.84998505538
6931867,0.0192639888102,0.161000150941,0.819735860249
6876383,0.160867231936,0.301387794439,0.537744973625
6910980,0.158705099794,0.30051584619,0.540779054017
6880877,0.0401827212148,0.205515092335,0.75430218645
6839552,0.0347764164956,0.196176908894,0.76904667461
6838051,0.148560579767,0.296196646408,0.555242773825
6928201,0.202313647301,0.315330371093,0.482355981606
6945608,0.0533645307209,0.22457035499,0.722065114289
6816147,0.0535513841547,0.224810390363,0.721638225482
6868129,0.103866034458,0.271537010695,0.624596954847
6849448,0.140013218872,0.292242606301,0.567744174826
7113677,0.0387628043162,0.203165310449,0.758071885235
6930856,0.0917368087904,0.262719647247,0.645543543963
6889594,0.0574120165944,0.229614003944,0.712973979462
6842682,0.0465162345932,0.215234977192,0.738248788215
6880366,0.124622245791,0.284295048251,0.591082705958
6835063,0.0738784500923,0.247316779641,0.678804770266
6820479,0.174174040726,0.306409771977,0.519416187297
6882057,0.0518540592022,0.222602953861,0.725542986937
6834440,0.0387348832968,0.203118411499,0.758146705204
6880846,0.113868385185,0.278012926486,0.608118688329
6847248,0.024997770881,0.175898814793,0.799103414326
6868368,0.00904682376315,0.123401407538,0.867551768698
6943505,0.0439437296981,0.211427250718,0.744629019584
7174304,0.132169369278,0.28833402881,0.579496601912
6880747,0.0721656709062,0.245654714292,0.682179614802
6933565,0.0311744170044,0.189293293016,0.77953228998
6888511,0.142827384575,0.293578148996,0.563594466429
6942704,0.0974708172179,0.267031459122,0.63549772366
6840304,0.100598047457,0.269272717838,0.630129234705
6856860,0.051527633987,0.222171329589,0.726301036424
6884921,0.0574120165944,0.229614003944,0.712973979462
6937417,0.0917368087904,0.262719647247,0.645543543963
6831129,0.099024963926,0.268154647188,0.632820388886
6936660,0.080274383967,0.253215282106,0.666510333927
6940667,0.0403273124876,0.205750577202,0.753922110311
7201307,0.000983090139037,0.0538676690629,0.945149240798
6825434,0.0658698599086,0.239212143555,0.694917996537
6848114,0.18334413287,0.309552469299,0.50710339783
6947758,0.202313647301,0.315330371093,0.482355981606
6897002,0.156559496813,0.299634151904,0.543806351283
6926661,0.0114073056746,0.134059138975,0.854533555351
6867411,0.11737690083,0.280135131059,0.602487968111
6910154,0.0572133149848,0.229373756501,0.713412928514
7157900,0.0704864054818,0.243988860909,0.685524733609
6922324,0.0776631841554,0.25086360025,0.671473215594
6863068,0.110436246416,0.275864267367,0.613699486217
6912109,0.0702492249813,0.243750597277,0.686000177742
6918609,0.0974708172179,0.267031459122,0.63549772366
6889300,0.144125572871,0.294182903436,0.561691523693
6837794,0.0914425099418,0.262490905624,0.646066584434
6943098,0.169676469652,0.30477627904,0.525547251308
6927601,0.0431667537274,0.210240889131,0.746592357142
6897826,0.0805394224726,0.253449822962,0.666010754565
6882892,0.0116698380952,0.135146097024,0.853184064881
6873384,0.0829570951054,0.255555167864,0.661487737031
6934693,0.0944191280322,0.264770405338,0.64081046663
7224450,0.0535513841547,0.224810390363,0.721638225482
6898157,0.0259394922379,0.178093623892,0.79596688387
6837355,0.0400386063717,0.205279697425,0.754681696203
6830595,0.124622245791,0.284295048251,0.591082705958
6943561,0.0857121724617,0.2578819499,0.656405877638
6844380,0.0679143857933,0.24136444984,0.690721164367
6814286,0.0805394224726,0.253449822962,0.666010754565
6898520,0.0726516008379,0.246129995213,0.681218403949
6940979,0.110776020911,0.276080286593,0.613143692495
6851090,0.160867231936,0.301387794439,0.537744973625
7107169,0.0805394224726,0.253449822962,0.666010754565
6830287,0.110776020911,0.276080286593,0.613143692495
6933575,0.132169369278,0.28833402881,0.579496601912
6938972,0.0324525633653,0.191804108408,0.775743328227
6888315,0.0232111772711,0.171557451531,0.805231371197
6855106,0.0702492249813,0.243750597277,0.686000177742
6838237,0.174174040726,0.306409771977,0.519416187297
6901024,0.128132064203,0.286209023346,0.585658912451
6846627,0.0533645307209,0.22457035499,0.722065114289
7219857,0.0324525633653,0.191804108408,0.775743328227
6852685,0.148146482598,0.296011979106,0.555841538296
6831610,0.0062003583478,0.107607491463,0.886192150189
6943538,0.0328095748911,0.192491586737,0.774698838372
6911637,0.0114073056746,0.134059138975,0.854533555351
6854543,0.051527633987,0.222171329589,0.726301036424
6940451,0.0789599010077,0.252040834572,0.66899926442
6819530,0.124622245791,0.284295048251,0.591082705958
7093396,0.0347764164956,0.196176908894,0.76904667461
6840326,0.00133152534128,0.0604984653408,0.938170009318
6834204,0.0143149242886,0.145239966085,0.840445109626
6902518,0.132169369278,0.28833402881,0.579496601912
6930253,0.00904682376315,0.123401407538,0.867551768698
6828293,0.00347697410674,0.0869129487103,0.909610077183
7203744,0.221968435694,0.320425110793,0.457606453513
6816478,0.080274383967,0.253215282106,0.666510333927
6868890,0.0122591438619,0.137524945596,0.850215910542
6879338,0.080274383967,0.253215282106,0.666510333927
6898532,0.110436246416,0.275864267367,0.613699486217
6899965,0.124622245791,0.284295048251,0.591082705958
7133875,0.0914425099418,0.262490905624,0.646066584434
6822218,0.0835022950502,0.256021614673,0.660476090277
6814018,0.110776020911,0.276080286593,0.613143692495
6896376,0.124622245791,0.284295048251,0.591082705958
6918670,0.124622245791,0.284295048251,0.591082705958
6867839,0.00061779743747,0.0450428596105,0.954339342952
6823554,0.00286997934466,0.0808981816389,0.916231839016
6934798,0.120961620386,0.282229592988,0.596808786626
6820823,0.0324525633653,0.191804108408,0.775743328227
6880212,0.0193361881669,0.16120699954,0.819456812293
6934814,0.0499228777692,0.220014822406,0.730062299824
7254134,0.0989624347847,0.268109816798,0.632927748418
6938303,0.124622245791,0.284295048251,0.591082705958
6813807,0.140013218872,0.292242606301,0.567744174826
6878604,2.05609990634e-10,0.000118028024235,0.99988197177
6876763,0.080274383967,0.253215282106,0.666510333927
6844352,0.0572133149848,0.229373756501,0.713412928514
6915939,0.148146482598,0.296011979106,0.555841538296
7109370,0.0463515413168,0.214996528309,0.738651930374
6855445,0.0114073056746,0.134059138975,0.854533555351
6818668,0.160867231936,0.301387794439,0.537744973625
6836527,0.00461757987044,0.096562745226,0.898819674904
6831717,0.0690267491531,0.242510566112,0.688462684735
6937162,0.1227824685,0.283266024397,0.593951507103
6922876,0.148146482598,0.296011979106,0.555841538296
7109482,0.0656459759162,0.238972758842,0.695381265241
6940972,0.117731947532,0.28034584673,0.601922205739
6883790,0.132169369278,0.28833402881,0.579496601912
6921643,0.0944191280322,0.264770405338,0.64081046663
6935700,0.0387628043162,0.203165310449,0.758071885235
6827025,0.0401827212148,0.205515092335,0.75430218645
6943096,0.107745566076,0.274127171207,0.618127262717
7161468,0.132169369278,0.28833402881,0.579496601912
6879610,0.105693919511,0.272770282596,0.621535797894
6935762,0.087400285745,0.2592711801,0.653328534155
6925042,0.0463515413168,0.214996528309,0.738651930374
7121050,0.080274383967,0.253215282106,0.666510333927
6821601,0.140013218872,0.292242606301,0.567744174826
6926810,0.0805394224726,0.253449822962,0.666010754565
6946532,0.0613038391871,0.234177440791,0.704518720021
6875171,0.11737690083,0.280135131059,0.602487968111
7096285,0.117447849207,0.280177296429,0.602374854364
6812321,0.103801195073,0.271492833287,0.62470597164
6822697,0.140013218872,0.292242606301,0.567744174826
6941294,0.0552593335647,0.226971498741,0.717769167695
6873564,4.25469708818e-06,0.00631903114913,0.993676714154
6926791,0.0702966070146,0.24379825544,0.685905137545
7142444,0.207170857272,0.316668001956,0.476161140772
6878128,0.188011831415,0.311060804482,0.500927364103
6927428,0.0159682784656,0.150890234495,0.83314148704
6812674,0.0533645307209,0.22457035499,0.722065114289
6881774,0.0105733796588,0.130486006861,0.858940613481
7167797,0.0481924677769,0.21762247475,0.734185057473
6865238,0.0279249604061,0.182529635981,0.789545403613
6841710,0.136054606128,0.290305185286,0.573640208586
6856334,0.000420906364087,0.0388187051103,0.960760388526
6906462,0.0259394922379,0.178093623892,0.79596688387
6837438,0.11737690083,0.280135131059,0.602487968111
6908277,0.136054606128,0.290305185286,0.573640208586
6841291,0.117731947532,0.28034584673,0.601922205739
6915178,0.080274383967,0.253215282106,0.666510333927
6893031,0.0751225801127,0.248501413659,0.676376006229
6894985,0.148560579767,0.296196646408,0.555242773825
6931134,0.110504140163,0.275907491373,0.613588368464
6872264,0.0613459988894,0.234225450197,0.704428550913
6816953,0.117731947532,0.28034584673,0.601922205739
7163518,0.148146482598,0.296011979106,0.555841538296
6893253,0.0859916913122,0.258113856628,0.655894452059
6943822,0.0652001654265,0.238493859754,0.696305974819
6946313,0.113868385185,0.278012926486,0.608118688329
6839443,0.024997770881,0.175898814793,0.799103414326
6911338,0.0920318534343,0.262948216537,0.645019930029
7223877,0.174174040726,0.306409771977,0.519416187297
6917884,0.110436246416,0.275864267367,0.613699486217
6823126,0.0387628043162,0.203165310449,0.758071885235
6939488,0.160867231936,0.301387794439,0.537744973625
7196924,0.0899821814625,0.261344659584,0.648673158953
6905685,0.0656459759162,0.238972758842,0.695381265241
6894092,0.0480224277957,0.217383491984,0.734594080221
6812181,0.110436246416,0.275864267367,0.613699486217
6854610,0.0776631841554,0.25086360025,0.671473215594
6873754,0.0535513841547,0.224810390363,0.721638225482
6859181,0.221968435694,0.320425110793,0.457606453513
6825402,0.0101946662822,0.128798245385,0.861007088333
6819526,0.0143149242886,0.145239966085,0.840445109626
6896065,0.00286997934466,0.0808981816389,0.916231839016
6931793,0.0606744579231,0.233457204741,0.705868337336
6907360,0.00904682376315,0.123401407538,0.867551768698
6813182,0.0300536226282,0.187024730225,0.782921647147
6823959,0.0974708172179,0.267031459122,0.63549772366
6942189,0.0805394224726,0.253449822962,0.666010754565
6844384,0.0463515413168,0.214996528309,0.738651930374
6836888,0.154430635448,0.298742811697,0.546826552855
6917844,0.0613038391871,0.234177440791,0.704518720021
6937842,0.0974708172179,0.267031459122,0.63549772366
6926917,0.11737690083,0.280135131059,0.602487968111
7160740,0.120961620386,0.282229592988,0.596808786626
6936310,0.0977801339329,0.267256498035,0.634963368032
6849109,0.0751225801127,0.248501413659,0.676376006229
6831018,0.0255588234639,0.177213807226,0.79722736931
6909842,0.0533645307209,0.22457035499,0.722065114289
6861360,0.0533645307209,0.22457035499,0.722065114289
6883414,0.0431667537274,0.210240889131,0.746592357142
6876026,0.0917368087904,0.262719647247,0.645543543963
7095390,0.0389026879316,0.203399863345,0.757697448723
6932265,0.169676469652,0.30477627904,0.525547251308
6870949,0.0751225801127,0.248501413659,0.676376006229
6831335,0.0463515413168,0.214996528309,0.738651930374
6895698,0.124992467832,0.284499950569,0.590507581599
6889889,0.0658698599086,0.239212143555,0.694917996537
6876679,0.0944191280322,0.264770405338,0.64081046663
6947097,0.188011831415,0.311060804482,0.500927364103
6874970,0.00979944360844,0.126989823162,0.86321073323
6831069,0.192731179239,0.3125266949,0.49474212586
6833628,0.0947209102886,0.264997363036,0.640281726675
6819282,0.0279249604061,0.182529635981,0.789545403613
6825025,0.00421182666854,0.0933322958778,0.902455877454
6856513,0.0746228462663,0.248027828135,0.677349325599
6928711,0.0533645307209,0.22457035499,0.722065114289
6832548,0.0463515413168,0.214996528309,0.738651930374
6881870,0.0165803478991,0.152875289564,0.830544362537
6866978,0.080274383967,0.253215282106,0.666510333927
7163400,0.148146482598,0.296011979106,0.555841538296
6917187,0.11737690083,0.280135131059,0.602487968111
6927475,0.0223476704919,0.16936882356,0.808283505949
6903243,0.0178734929184,0.156901106704,0.825225400378
6876188,0.0776631841554,0.25086360025,0.671473215594
6922219,0.0974708172179,0.267031459122,0.63549772366
7104085,0.0574120165944,0.229614003944,0.712973979462
6920897,0.0613038391871,0.234177440791,0.704518720021
6812177,0.103801195073,0.271492833287,0.62470597164
6941047,0.080805177025,0.25368424457,0.665510578405
6827609,0.0324525633653,0.191804108408,0.775743328227
6934328,0.0240886701359,0.173719974747,0.802191355117
6937556,0.176445130137,0.307211073749,0.516343796114
6879765,0.124622245791,0.284295048251,0.591082705958
6942927,0.0283598090934,0.183468822333,0.788171368573
6945170,0.124622245791,0.284295048251,0.591082705958
6901915,0.0778694697205,0.251052138369,0.67107839191
6824475,0.103801195073,0.271492833287,0.62470597164
6832968,0.120961620386,0.282229592988,0.596808786626
7166718,0.0776631841554,0.25086360025,0.671473215594
6905079,0.088540404923,0.260194306735,0.651265288342
6940297,0.148146482598,0.296011979106,0.555841538296
6911080,0.080274383967,0.253215282106,0.666510333927
6917208,0.132169369278,0.28833402881,0.579496601912
6858925,0.00776757405179,0.116798737944,0.875433688004
7169883,0.0349029223796,0.19640825833,0.76868881929
6944112,0.152318718615,0.297841929894,0.549839351491
6885816,0.158705099794,0.30051584619,0.540779054017
6837733,0.0914425099418,0.262490905624,0.646066584434
6828658,0.0143149242886,0.145239966085,0.840445109626
6839429,0.148146482598,0.296011979106,0.555841538296
7164794,0.132169369278,0.28833402881,0.579496601912
6837661,0.0656459759162,0.238972758842,0.695381265241
6883255,0.100598047457,0.269272717838,0.630129234705
6833054,0.00361293526345,0.0881638481308,0.908223216606
7675463,0.0755243721169,0.248880016733,0.67559561115
6871526,0.174627085575,0.30657085991,0.518802054515
6876295,0.00666741265263,0.110497033813,0.882835553535
7204045,0.0349029223796,0.19640825833,0.76868881929
6840357,0.0803273344267,0.253262199755,0.666410465819
6917531,0.0109409635366,0.132084386517,0.856974649947
6886057,0.11737690083,0.280135131059,0.602487968111
6833734,0.0944191280322,0.264770405338,0.64081046663
6908098,0.0746228462663,0.248027828135,0.677349325599
6860562,0.0709627970238,0.244465180869,0.684572022108
6859167,0.188011831415,0.311060804482,0.500927364103
6812141,0.0613038391871,0.234177440791,0.704518720021
6919431,0.0572133149848,0.229373756501,0.713412928514
6869389,0.0944191280322,0.264770405338,0.64081046663
6906034,0.0974708172179,0.267031459122,0.63549772366
7108495,0.0568571743374,0.228941313849,0.714201511814
6864681,0.0300536226282,0.187024730225,0.782921647147
6893982,0.104125696849,0.271713630159,0.624160672992
6862160,0.100598047457,0.269272717838,0.630129234705
6854804,0.0702492249813,0.243750597277,0.686000177742
7143164,0.0232111772711,0.171557451531,0.805231371197
6936651,0.144044221957,0.294145213541,0.561810564502
6837450,0.117731947532,0.28034584673,0.601922205739
6908259,0.188011831415,0.311060804482,0.500927364103
6916539,0.110436246416,0.275864267367,0.613699486217
6947176,0.169676469652,0.30477627904,0.525547251308
6933958,0.165240186231,0.303102074169,0.531657739599
6816549,0.0324525633653,0.191804108408,0.775743328227
6876117,0.0572133149848,0.229373756501,0.713412928514
6848605,0.0613038391871,0.234177440791,0.704518720021
6840659,0.0805394224726,0.253449822962,0.666010754565
6823496,0.0859916913122,0.258113856628,0.655894452059
6912609,0.0259394922379,0.178093623892,0.79596688387
7097937,0.0594325495445,0.232016289764,0.708551160691
6924524,0.0592277352989,0.231776092633,0.708996172069
6938236,0.11737690083,0.280135131059,0.602487968111
6865751,0.00669293775038,0.110650953186,0.882656109063
6936323,0.0586169887222,0.231055446425,0.710327564853
6868422,0.0805394224726,0.253449822962,0.666010754565
7210133,0.0658698599086,0.239212143555,0.694917996537
7215631,0.136054606128,0.290305185286,0.573640208586
6940189,0.117731947532,0.28034584673,0.601922205739
6888941,0.00421182666854,0.0933322958778,0.902455877454
6831598,0.124622245791,0.284295048251,0.591082705958
6939963,0.0580117603521,0.230334740584,0.711653499064
6897175,0.0634428520075,0.236576704665,0.699980443328
6816167,0.0122591438619,0.137524945596,0.850215910542
6812965,0.0423720059452,0.209009055708,0.748618938347
7149372,0.110436246416,0.275864267367,0.613699486217
6875959,0.0113641171997,0.133878653234,0.854757229566
6925644,0.0917368087904,0.262719647247,0.645543543963
6874269,0.110436246416,0.275864267367,0.613699486217
6814721,0.0552593335647,0.226971498741,0.717769167695
6922432,0.0704864054818,0.243988860909,0.685524733609
6858861,0.0447334125241,0.212615379672,0.742651207804
6835339,0.0465162345932,0.215234977192,0.738248788215
6896997,0.0592277352989,0.231776092633,0.708996172069
6921134,0.110436246416,0.275864267367,0.613699486217
6883685,0.0524389240026,0.223370515961,0.724190560036
6911406,0.0279249604061,0.182529635981,0.789545403613
6825733,0.182973027805,0.309429977399,0.507596994796
6884462,0.148146482598,0.296011979106,0.555841538296
6858682,0.0192639888102,0.161000150941,0.819735860249
6894013,0.0113641171997,0.133878653234,0.854757229566
6856391,0.165240186231,0.303102074169,0.531657739599
6828064,0.0535513841547,0.224810390363,0.721638225482
6817336,0.00454735027245,0.0960174837334,0.899435165994
6819178,0.0300536226282,0.187024730225,0.782921647147
7147339,0.103801195073,0.271492833287,0.62470597164
6887757,0.165240186231,0.303102074169,0.531657739599
6946859,0.080274383967,0.253215282106,0.666510333927
6855963,0.124622245791,0.284295048251,0.591082705958
6839828,0.0704864054818,0.243988860909,0.685524733609
6870806,0.0529925597803,0.22409034886,0.72291709136
6880221,0.0974708172179,0.267031459122,0.63549772366
6921809,0.100598047457,0.269272717838,0.630129234705
6897069,0.0859916913122,0.258113856628,0.655894452059
6897157,0.148229246085,0.296048942052,0.555721811863
6898912,0.00286997934466,0.0808981816389,0.916231839016
6856271,0.160867231936,0.301387794439,0.537744973625
6888381,0.0658698599086,0.239212143555,0.694917996537
7099191,1.9647021182e-05,0.0116188066742,0.988361546305
6917882,0.133714601883,0.289126468678,0.577158929438
6931260,0.0324525633653,0.191804108408,0.775743328227
6849996,0.0592277352989,0.231776092633,0.708996172069
6887973,0.0269148695349,0.180304029978,0.792781100487
6850205,0.0702492249813,0.243750597277,0.686000177742
6845657,0.103866034458,0.271537010695,0.624596954847
6930302,0.110436246416,0.275864267367,0.613699486217
6852391,0.140013218872,0.292242606301,0.567744174826
6920411,0.156559496813,0.299634151904,0.543806351283
6907999,0.0572133149848,0.229373756501,0.713412928514
6864094,0.104125696849,0.271713630159,0.624160672992
6813852,0.100598047457,0.269272717838,0.630129234705
7232295,0.0944191280322,0.264770405338,0.64081046663
6896558,0.0572133149848,0.229373756501,0.713412928514
6858919,0.0497473620396,0.219775395105,0.730477242855
6847828,0.0857121724617,0.2578819499,0.656405877638
6925116,0.138024798688,0.291278181251,0.570697020061
6854687,0.124622245791,0.284295048251,0.591082705958
6946415,0.110436246416,0.275864267367,0.613699486217
6827859,0.036060888952,0.198495551475,0.765443559573
6884313,0.158705099794,0.30051584619,0.540779054017
6848651,0.0829570951054,0.255555167864,0.661487737031
7136298,0.103866034458,0.271537010695,0.624596954847
6874534,0.0172151578174,0.154878961748,0.827905880434
6908942,0.148146482598,0.296011979106,0.555841538296
6894718,0.0215470784606,0.16728262959,0.811170291949
6876449,0.156559496813,0.299634151904,0.543806351283
6825630,0.100598047457,0.269272717838,0.630129234705
7155655,0.0113641171997,0.133878653234,0.854757229566
7201310,0.0899821814625,0.261344659584,0.648673158953
6864334,0.0790644043355,0.252134895068,0.668800700597
6876658,0.0857121724617,0.2578819499,0.656405877638
6842370,0.17444579685,0.306506474303,0.519047728847
6835467,0.165680997264,0.303271309136,0.531047693599
7227368,0.140013218872,0.292242606301,0.567744174826
6859482,0.124622245791,0.284295048251,0.591082705958
6878641,0.0876842097716,0.259502193439,0.652813596789
6869916,0.0480224277957,0.217383491984,0.734594080221
6841060,0.0192639888102,0.161000150941,0.819735860249
6887832,0.0615148895366,0.234417479316,0.704067631147
6905898,0.0207585616319,0.165170911478,0.814070526891
7104742,0.0944191280322,0.264770405338,0.64081046663
6948090,0.0857121724617,0.2578819499,0.656405877638
6839851,0.0335346428224,0.193869929243,0.772595427935
6934051,0.0433211400687,0.210478015215,0.746200844716
6888727,0.0497473620396,0.219775395105,0.730477242855
7167478,0.0431667537274,0.210240889131,0.746592357142
6892109,0.115332666231,0.27890754933,0.605759784438
6908544,0.188011831415,0.311060804482,0.500927364103
6921725,0.0199978310231,0.16307667287,0.816925496107
6932343,0.0634428520075,0.236576704665,0.699980443328
6914309,0.0974708172179,0.267031459122,0.63549772366
6919805,0.128358349314,0.28633026118,0.585311389506
6947828,0.132477467278,0.288492936589,0.579029596133
6920362,0.103801195073,0.271492833287,0.62470597164
7110179,0.156559496813,0.299634151904,0.543806351283
6877834,0.0857121724617,0.2578819499,0.656405877638
6876966,0.156559496813,0.299634151904,0.543806351283
6823918,0.0154362282355,0.149119708539,0.835444063225
6871243,0.0497473620396,0.219775395105,0.730477242855
6928189,0.128358349314,0.28633026118,0.585311389506
6852455,0.0105733796588,0.130486006861,0.858940613481
7208631,0.0751225801127,0.248501413659,0.676376006229
6831811,0.0805394224726,0.253449822962,0.666010754565
6904276,0.00722425042557,0.113768232574,0.879007517001
6831589,0.0600921147464,0.232784841725,0.707123043528
6901814,0.104125696849,0.271713630159,0.624160672992
6854667,0.226965111398,0.321593063307,0.451441825296
7192650,0.0499228777692,0.220014822406,0.730062299824
6836299,0.103801195073,0.271492833287,0.62470597164
6887919,0.037389274885,0.200825235897,0.761785489218
6927679,0.0857121724617,0.2578819499,0.656405877638
6855908,0.140013218872,0.292242606301,0.567744174826
6854766,0.080274383967,0.253215282106,0.666510333927
6847472,0.136054606128,0.290305185286,0.573640208586
6862519,0.0132731896433,0.141436322289,0.845290488068
6938819,0.171917727701,0.305598151291,0.522484121007
6945434,0.0132230940741,0.141248147629,0.845528758297
6832722,0.217001552033,0.319215166097,0.46378328187
6852707,0.0702492249813,0.243750597277,0.686000177742
7177680,0.0535513841547,0.224810390363,0.721638225482
6834945,0.0690267491531,0.242510566112,0.688462684735
6890316,0.0667719478594,0.240169222897,0.693058829244
6816620,0.0178734929184,0.156901106704,0.825225400378
6945175,0.0259394922379,0.178093623892,0.79596688387
6914016,0.0325711612821,0.192033140958,0.77539569776
6852619,0.132169369278,0.28833402881,0.579496601912
6813211,0.0465162345932,0.215234977192,0.738248788215
6820546,0.0702492249813,0.243750597277,0.686000177742
6836128,0.160867231936,0.301387794439,0.537744973625
6850557,0.124622245791,0.284295048251,0.591082705958
6864997,0.00155262357853,0.0641448022315,0.93430257419
6883705,0.0193361881669,0.16120699954,0.819456812293
6898767,0.0241781413239,0.173937130045,0.801884728631
6866020,0.0829570951054,0.255555167864,0.661487737031
7126382,0.156559496813,0.299634151904,0.543806351283
6847427,0.0465162345932,0.215234977192,0.738248788215
6841013,0.0347764164956,0.196176908894,0.76904667461
6909469,0.0658698599086,0.239212143555,0.694917996537
6922473,0.0159682784656,0.150890234495,0.83314148704
6925906,0.124622245791,0.284295048251,0.591082705958
6946014,0.103801195073,0.271492833287,0.62470597164
6820739,0.0279249604061,0.182529635981,0.789545403613
6927559,0.0751225801127,0.248501413659,0.676376006229
7174772,0.0690734316169,0.242558291292,0.688368277091
6931036,0.0109409635366,0.132084386517,0.856974649947
6918163,0.0613038391871,0.234177440791,0.704518720021
6893604,0.125214963197,0.284622746276,0.590162290527
6868844,0.0857121724617,0.2578819499,0.656405877638
6814537,0.178730708115,0.308001994369,0.513267297516
6916118,0.037066391783,0.200265138977,0.76266846924
6838509,0.0613038391871,0.234177440791,0.704518720021
6919725,0.088540404923,0.260194306735,0.651265288342
6932476,0.000286813178123,0.0334332983655,0.966279888456
6860496,0.0645363259575,0.237775204413,0.697688469629
7156799,0.100471502823,0.269183464476,0.630345032701
6837521,0.0497473620396,0.219775395105,0.730477242855
6913204,0.110436246416,0.275864267367,0.613699486217
6947516,0.0746228462663,0.248027828135,0.677349325599
6838117,0.0751225801127,0.248501413659,0.676376006229
6933366,0.132169369278,0.28833402881,0.579496601912
7134198,0.0613038391871,0.234177440791,0.704518720021
6898450,0.113868385185,0.278012926486,0.608118688329
6819926,0.124622245791,0.284295048251,0.591082705958
6947698,0.0497473620396,0.219775395105,0.730477242855
6838721,0.0131532706084,0.140985024999,0.845861704393
6936661,0.110776020911,0.276080286593,0.613143692495
6912257,0.0573324633421,0.229517904937,0.713149631721
6905569,0.0154362282355,0.149119708539,0.835444063225
6927167,0.0751225801127,0.248501413659,0.676376006229
7150689,0.0159682784656,0.150890234495,0.83314148704
6820358,0.037389274885,0.200825235897,0.761785489218
6945045,0.0349029223796,0.19640825833,0.76868881929
6866884,0.080274383967,0.253215282106,0.666510333927
6820658,0.0465162345932,0.215234977192,0.738248788215
6826462,0.0857121724617,0.2578819499,0.656405877638
6932390,0.0300536226282,0.187024730225,0.782921647147
6905031,0.00904682376315,0.123401407538,0.867551768698
6923011,0.0562288478582,0.22817255237,0.715598599772
6908504,0.0658698599086,0.239212143555,0.694917996537
6881050,0.148146482598,0.296011979106,0.555841538296
6892968,0.0192639888102,0.161000150941,0.819735860249
7346996,0.0829570951054,0.255555167864,0.661487737031
6876206,0.00347697410674,0.0869129487103,0.909610077183
6813475,0.156559496813,0.299634151904,0.543806351283
7190057,0.174627085575,0.30657085991,0.518802054515
6838465,0.148560579767,0.296196646408,0.555242773825
6899364,0.00841515615475,0.120227296381,0.871357547464
6891616,0.009081334741,0.123570371718,0.867348293541
6836715,0.0208361479215,0.165381300801,0.813782551277
6829616,0.0572133149848,0.229373756501,0.713412928514
6829144,0.0168948617719,0.153874807143,0.829230331085
6893064,0.0192639888102,0.161000150941,0.819735860249
6861300,0.0552593335647,0.226971498741,0.717769167695
6926847,0.0105332938077,0.130309371345,0.859157334847
6894021,0.107080537219,0.273690461696,0.619229001085
6897946,0.140013218872,0.292242606301,0.567744174826
6835716,0.148560579767,0.296196646408,0.555242773825
6832160,0.160867231936,0.301387794439,0.537744973625
6835291,0.118372951417,0.280724431701,0.600902616881
6945184,0.00454735027245,0.0960174837334,0.899435165994
7140488,0.0816067457058,0.25438678087,0.664006473424
6937850,0.148146482598,0.296011979106,0.555841538296
6899603,0.154430635448,0.298742811697,0.546826552855
6903105,0.1227824685,0.283266024397,0.593951507103
6828476,0.0613038391871,0.234177440791,0.704518720021
6835098,0.0430128692508,0.21000383776,0.746983292989
6830512,0.104125696849,0.271713630159,0.624160672992
6879997,0.0613038391871,0.234177440791,0.704518720021
7131517,0.120961620386,0.282229592988,0.596808786626
6835955,0.148560579767,0.296196646408,0.555242773825
6875250,0.00722425042557,0.113768232574,0.879007517001
6932794,0.0416502819729,0.20787386727,0.750475850757
6948263,0.0260354981731,0.178313968989,0.795650532837
6867201,0.0805394224726,0.253449822962,0.666010754565
6882748,0.174174040726,0.306409771977,0.519416187297
6902842,0.0592277352989,0.231776092633,0.708996172069
6847535,0.0192639888102,0.161000150941,0.819735860249
6825267,0.100598047457,0.269272717838,0.630129234705
6909277,0.144044221957,0.294145213541,0.561810564502
7152429,0.148560579767,0.296196646408,0.555242773825
6931179,0.0463515413168,0.214996528309,0.738651930374
6896746,0.110776020911,0.276080286593,0.613143692495
6937073,0.00349569722421,0.0870870968002,0.909417205976
6934627,0.0020948720222,0.0718592925621,0.926045835416
6887878,0.148146482598,0.296011979106,0.555841538296
6921531,0.0241781413239,0.173937130045,0.801884728631
6897461,0.0615148895366,0.234417479316,0.704067631147
6862066,0.051527633987,0.222171329589,0.726301036424
6851531,0.174264602481,0.306442022602,0.519293374917
6928550,0.0300536226282,0.187024730225,0.782921647147
6945851,0.087117097725,0.259040014532,0.653842887743
6946955,0.0228688078193,0.170697084356,0.806434107824
6869136,0.132169369278,0.28833402881,0.579496601912
6908667,0.110436246416,0.275864267367,0.613699486217
6820525,0.115613103832,0.279077416611,0.605309479556
6887970,0.110776020911,0.276080286593,0.613143692495
6848365,0.0977801339329,0.267256498035,0.634963368032
6816173,0.0179406511862,0.157104331135,0.824955017678
6900732,0.0702492249813,0.243750597277,0.686000177742
6815786,0.104125696849,0.271713630159,0.624160672992
6945972,0.156559496813,0.299634151904,0.543806351283
6848445,0.110232748626,0.275734535038,0.614032716336
6856486,0.140013218872,0.292242606301,0.567744174826
6867010,0.103801195073,0.271492833287,0.62470597164
6828257,0.197499415327,0.313949925094,0.488550659578
6871807,0.110436246416,0.275864267367,0.613699486217
7212966,0.0433211400687,0.210478015215,0.746200844716
6889959,0.140013218872,0.292242606301,0.567744174826
6915510,0.0533645307209,0.22457035499,0.722065114289
6905402,0.088540404923,0.260194306735,0.651265288342
6826100,0.107080537219,0.273690461696,0.619229001085
6848893,0.0679143857933,0.24136444984,0.690721164367
7155647,0.0416502819729,0.20787386727,0.750475850757
6812883,0.136054606128,0.290305185286,0.573640208586
6866095,0.0488780582917,0.218578882108,0.7325430596
6931127,0.0533645307209,0.22457035499,0.722065114289
6829407,0.0259394922379,0.178093623892,0.79596688387
6867548,0.148146482598,0.296011979106,0.555841538296
7132575,0.0656459759162,0.238972758842,0.695381265241
6890847,0.109758990585,0.275431475798,0.614809533618
6916429,0.107080537219,0.273690461696,0.619229001085
6884716,0.192731179239,0.3125266949,0.49474212586
6896897,0.171019402595,0.305270628638,0.523709968767
6941572,0.11737690083,0.280135131059,0.602487968111
6945277,0.100598047457,0.269272717838,0.630129234705
7133293,0.0401827212148,0.205515092335,0.75430218645
7213385,0.0974708172179,0.267031459122,0.63549772366
6831928,0.0914425099418,0.262490905624,0.646066584434
6932687,0.0816067457058,0.25438678087,0.664006473424
6873877,0.103801195073,0.271492833287,0.62470597164
7135459,0.120961620386,0.282229592988,0.596808786626
6876620,0.00133664887805,0.0605871793329,0.938076171789
6936163,0.00703370383512,0.112668737109,0.880297559056
6912398,0.148146482598,0.296011979106,0.555841538296
6917655,0.117731947532,0.28034584673,0.601922205739
6941149,0.0416502819729,0.20787386727,0.750475850757
6941378,0.0944191280322,0.264770405338,0.64081046663
6882453,0.0431975908055,0.210288308396,0.746514100798
7119160,0.0857121724617,0.2578819499,0.656405877638
6868451,0.0416502819729,0.20787386727,0.750475850757
6945881,0.0433211400687,0.210478015215,0.746200844716
6822541,0.11737690083,0.280135131059,0.602487968111
6884355,0.0944191280322,0.264770405338,0.64081046663
7132247,0.0656459759162,0.238972758842,0.695381265241
6872049,0.107146902613,0.273734175705,0.619118921682
6890740,0.156987284741,0.2998112657,0.543201449559
6840897,0.136054606128,0.290305185286,0.573640208586
6847694,0.110436246416,0.275864267367,0.613699486217
6938196,0.0631828088642,0.236288940023,0.700528251112
6939526,0.0347764164956,0.196176908894,0.76904667461
6917529,0.132169369278,0.28833402881,0.579496601912
6885636,0.0341502675959,0.195021923567,0.770827808837
7202614,0.0805394224726,0.253449822962,0.666010754565
6926453,0.0613038391871,0.234177440791,0.704518720021
6844636,0.080274383967,0.253215282106,0.666510333927
6879293,0.175080719236,0.306731534556,0.518187746208
6924780,0.124622245791,0.284295048251,0.591082705958
6881024,0.171917727701,0.305598151291,0.522484121007
6851374,0.080274383967,0.253215282106,0.666510333927
6850953,0.0480224277957,0.217383491984,0.734594080221
6892292,0.00617669568213,0.107457240895,0.886366063423
6886159,0.0562288478582,0.22817255237,0.715598599772
6849877,0.110436246416,0.275864267367,0.613699486217
6940840,0.0574120165944,0.229614003944,0.712973979462
6926838,0.0857121724617,0.2578819499,0.656405877638
6879243,0.0113641171997,0.133878653234,0.854757229566
6944286,0.132169369278,0.28833402881,0.579496601912
6915587,0.156559496813,0.299634151904,0.543806351283
6881904,0.124622245791,0.284295048251,0.591082705958
7154358,0.174627085575,0.30657085991,0.518802054515
6899258,0.0899821814625,0.261344659584,0.648673158953
6855460,0.0533645307209,0.22457035499,0.722065114289
6864884,0.124622245791,0.284295048251,0.591082705958
6868209,0.107080537219,0.273690461696,0.619229001085
6853834,0.0776631841554,0.25086360025,0.671473215594
7210020,0.140013218872,0.292242606301,0.567744174826
6933228,0.0117675770612,0.135546384965,0.852686037974
6929227,0.110436246416,0.275864267367,0.613699486217
7192346,0.11737690083,0.280135131059,0.602487968111
6928834,0.0350298564452,0.196639723814,0.768330419741
6812269,0.0756250991109,0.248974629975,0.675400270915
6851446,0.0207585616319,0.165170911478,0.814070526891
6930820,0.00617669568213,0.107457240895,0.886366063423
6875310,0.113868385185,0.278012926486,0.608118688329
6932397,0.0159682784656,0.150890234495,0.83314148704
6904291,0.024997770881,0.175898814793,0.799103414326
6921642,0.127981357386,0.286128135353,0.585890507262
7136057,0.140013218872,0.292242606301,0.567744174826
6920815,0.0535513841547,0.224810390363,0.721638225482
6861757,0.0416502819729,0.20787386727,0.750475850757
6934222,0.178730708115,0.308001994369,0.513267297516
6946448,0.0645363259575,0.237775204413,0.697688469629
6890569,0.0679143857933,0.24136444984,0.690721164367
6884477,0.0932791981466,0.263906295314,0.64281450654
7145006,0.0468472090292,0.215712046043,0.737440744928
6893718,0.0009104185572,0.0523025274334,0.946787054009
6893330,0.087117097725,0.259040014532,0.653842887743
6901780,0.0259394922379,0.178093623892,0.79596688387
6815738,0.0917368087904,0.262719647247,0.645543543963
6917209,0.128358349314,0.28633026118,0.585311389506
6904227,0.0592277352989,0.231776092633,0.708996172069
6894402,0.0580519379053,0.230382788916,0.711565273179
7146083,0.0123056639208,0.137709280699,0.84998505538
6902153,0.0416502819729,0.20787386727,0.750475850757
6925988,0.087117097725,0.259040014532,0.653842887743
6881323,0.0461873756152,0.214758137603,0.739054486781
6937405,0.204737073383,0.316004536682,0.479258389935
7098390,0.0397518009291,0.204809180386,0.755439018684
6935942,0.0260354981731,0.178313968989,0.795650532837
6833510,0.100598047457,0.269272717838,0.630129234705
6812857,0.0751225801127,0.248501413659,0.676376006229
6828441,0.132169369278,0.28833402881,0.579496601912
6915711,0.148560579767,0.296196646408,0.555242773825
6880643,0.124622245791,0.284295048251,0.591082705958
7224930,0.0726516008379,0.246129995213,0.681218403949
6852614,0.00692706254186,0.11204454505,0.881028392408
6853816,0.0132230940741,0.141248147629,0.845528758297
6811964,0.0465162345932,0.215234977192,0.738248788215
6847800,0.0592277352989,0.231776092633,0.708996172069
6859897,0.099024963926,0.268154647188,0.632820388886
6882929,0.0141537262271,0.144664553474,0.841181720299
7157584,0.0623654062554,0.235377402931,0.702257190813
6863444,0.160867231936,0.301387794439,0.537744973625
6836902,0.0182801208139,0.158123194146,0.82359668504
6918960,0.126480894705,0.285316511011,0.588202594284
6882854,0.0613038391871,0.234177440791,0.704518720021
6822755,6.21755987478e-05,0.0183383262664,0.981599498135
6815184,0.110436246416,0.275864267367,0.613699486217
6846582,0.0816067457058,0.25438678087,0.664006473424
6940309,0.00472495178621,0.0973858193201,0.897889228894
6924056,0.0574120165944,0.229614003944,0.712973979462
6824481,0.0702492249813,0.243750597277,0.686000177742
6839735,0.0509160526366,0.221356317261,0.727727630102
6900130,0.0572133149848,0.229373756501,0.713412928514
6946739,0.0314032379898,0.18974862392,0.778848138091
7144008,0.0572133149848,0.229373756501,0.713412928514
6863751,0.0181435940079,0.157715101472,0.82414130452
6820293,0.0638783098868,0.23705620879,0.699065481323
6818472,0.0702492249813,0.243750597277,0.686000177742
6832420,0.100598047457,0.269272717838,0.630129234705
6879450,0.000227867991443,0.0305595604818,0.969212571527
6943618,0.0572133149848,0.229373756501,0.713412928514
6883463,0.120961620386,0.282229592988,0.596808786626
6834919,0.190365218588,0.311799070876,0.497835710535
7505696,0.080274383967,0.253215282106,0.666510333927
6903645,0.119159750761,0.281185909469,0.59965433977
6831148,0.176445130137,0.307211073749,0.516343796114
6828948,0.136054606128,0.290305185286,0.573640208586
6878495,0.0463515413168,0.214996528309,0.738651930374
6924862,0.0207585616319,0.165170911478,0.814070526891
6887802,0.0592277352989,0.231776092633,0.708996172069
6903228,0.174174040726,0.306409771977,0.519416187297
6947415,6.19379874888e-05,0.0183106129672,0.981627449045
6941508,0.171917727701,0.305598151291,0.522484121007
6856111,0.103801195073,0.271492833287,0.62470597164
7126808,0.0613038391871,0.234177440791,0.704518720021
6939857,0.0447334125241,0.212615379672,0.742651207804
6822528,0.0122591438619,0.137524945596,0.850215910542
6947631,0.107080537219,0.273690461696,0.619229001085
6887810,0.0224476397876,0.169625399963,0.807926960249
6849210,0.0816067457058,0.25438678087,0.664006473424
6901742,0.00195496205246,0.0700053734938,0.928039664454
6850925,0.192731179239,0.3125266949,0.49474212586
7181995,0.132169369278,0.28833402881,0.579496601912
6841559,0.103801195073,0.271492833287,0.62470597164
6822957,0.0324525633653,0.191804108408,0.775743328227
6943349,0.0974708172179,0.267031459122,0.63549772366
6923825,0.110436246416,0.275864267367,0.613699486217
6871218,0.18334413287,0.309552469299,0.50710339783
6932761,0.0582128920789,0.230574980705,0.711212127216
7168983,0.118087756135,0.280556283678,0.601355960186
6853713,0.140013218872,0.292242606301,0.567744174826
