listing_id,high,medium,low
7142618,0.068781609942,0.277993519786,0.653224870272
7210040,0.170952705274,0.3920327178,0.437014576926
7103890,0.0168061920353,0.124901513229,0.858292294736
7143442,0.116006371598,0.357193757171,0.526799871231
6860601,0.0296621370511,0.228303604947,0.742034258002
6840081,0.000720506342693,0.0559998282651,0.943279665392
6922337,0.0896431831393,0.286916682807,0.623440134054
6913616,0.19611694062,0.354594839504,0.449288219876
6937820,0.141196198527,0.371493864819,0.487309936654
6893933,0.0646832618991,0.219167972958,0.716148765143
6832604,0.0095710827519,0.124917103373,0.865511813875
6915282,0.0919429048188,0.261116685729,0.646940409453
7127565,0.0580652122426,0.204479459593,0.737455328165
6827899,0.00394979130362,0.0458476185987,0.950202590098
6934855,0.0106475083006,0.0729552158668,0.916397275833
6861826,0.0674351426028,0.279810437272,0.652754420126
6871643,0.0584613771297,0.210800340434,0.730738282437
6842542,0.0131374925977,0.117742714612,0.86911979279
6934145,0.111956246744,0.209439277633,0.678604475623
6829365,0.0737594491509,0.268233072751,0.658007478098
7167858,0.0718493958006,0.228018066324,0.700132537875
6859483,0.0651278633248,0.237706699864,0.697165436811
6861377,0.103244043675,0.356284636215,0.54047132011
6848960,0.0431153728167,0.252860530549,0.704024096634
6918850,0.031227435615,0.177326823889,0.791445740496
6916867,0.19881321419,0.290653693125,0.510533092685
6895840,0.00668023304789,0.120057008166,0.873262758786
6813539,0.153939246366,0.305965874677,0.540094878957
7116900,0.192963699927,0.285915535397,0.521120764677
6890328,0.124352225982,0.275286542062,0.600361231956
6879406,0.0158790199309,0.0471121906963,0.937008789373
6824924,0.0764997626564,0.233644896846,0.689855340497
6911302,0.123606417308,0.295722113633,0.580671469059
6918742,0.0932288148379,0.290678612719,0.616092572443
6910586,0.0018685813268,0.0601346474578,0.937996771215
6821750,0.0419212089109,0.184575960599,0.77350283049
6860647,0.0656973179637,0.273468648114,0.660834033922
6932873,0.137091150037,0.373220972922,0.48968787704
6846053,0.0112895659802,0.0535602682694,0.93515016575
6940365,0.0111334307157,0.16411793023,0.824748639054
6931867,0.118000251014,0.489952122874,0.392047626112
6876383,0.00632572954496,0.0233065503849,0.97036772007
6910980,0.100000715378,0.25652066912,0.643478615502
6880877,0.0171629933404,0.0907960979272,0.892040908732
6839552,0.0439606110781,0.253782017201,0.702257371721
6838051,0.0886906366044,0.246106949696,0.665202413699
6928201,0.260606484883,0.401358865919,0.338034649197
6945608,0.0926683346409,0.369912942112,0.537418723247
6816147,0.0815495387313,0.316783417591,0.601667043677
6868129,0.104927732534,0.324046881608,0.571025385857
6849448,0.103546740654,0.259845694106,0.63660756524
7113677,0.0661619929692,0.332966189145,0.600871817886
6930856,0.0379750504167,0.192295071111,0.769729878472
6889594,0.0435968208873,0.219960492044,0.736442687069
6842682,0.00217361450574,0.0820434256254,0.915782959869
6880366,0.295232018846,0.342820951327,0.361947029827
6835063,0.0688500524979,0.201545035411,0.729604912091
6820479,0.1471990063,0.302306881472,0.550494112228
6882057,0.0191215915097,0.151279586296,0.829598822195
6834440,0.111535146556,0.349872900132,0.538591953312
6880846,0.01795709131,0.0664252405255,0.915617668165
6847248,0.00575798632813,0.0882016759093,0.906040337763
6868368,0.000348088148168,0.00941437696021,0.990237534892
6943505,0.0668904070219,0.300130641523,0.632978951456
7174304,0.0242747003701,0.0762348275257,0.899490472104
6880747,0.0668245736963,0.171934225088,0.761241201216
6933565,0.00222703026276,0.0933727434788,0.904400226258
6888511,0.0280020727989,0.0744878868602,0.897510040341
6942704,0.181331291892,0.391998383962,0.426670324146
6840304,0.200323131156,0.40299471897,0.396682149874
6856860,0.0326091239117,0.219161961451,0.748228914638
6884921,0.00495138033664,0.0363087587725,0.958739860891
6937417,0.0499827553054,0.182952878902,0.767064365793
6831129,0.0909621654873,0.284121696665,0.624916137848
6936660,0.0733856154371,0.267748812139,0.658865572424
6940667,0.0126335030433,0.126024297048,0.861342199909
7201307,0.000820694592609,0.0595483135631,0.939630991844
6825434,0.0480306120684,0.243329713732,0.708639674199
6848114,0.129490381269,0.29982011911,0.570689499621
6947758,0.264754722512,0.387793858948,0.34745141854
6897002,0.173872784729,0.347909661204,0.478217554067
6926661,0.0120495028424,0.156088112957,0.8318623842
6867411,0.126072797793,0.341778909079,0.532148293128
6910154,0.0224967796857,0.162284708763,0.815218511551
7157900,0.0627073862989,0.216674196757,0.720618416944
6922324,0.0285271366222,0.17070550555,0.800767357828
6863068,0.0168996152663,0.064594193838,0.918506190896
6912109,0.0320484692125,0.165278295087,0.8026732357
6918609,0.0421723886493,0.20066928602,0.75715832533
6889300,0.10614988062,0.273977510722,0.619872608658
6837794,0.112011252744,0.321878822711,0.566109924545
6943098,0.207765524765,0.354124497917,0.438109977318
6927601,0.0601165663356,0.285150521889,0.654732911776
6897826,0.00901033811456,0.0440676240812,0.946922037804
6882892,0.00522312869886,0.0919999703037,0.902776900997
6873384,0.225607549397,0.472593610855,0.301798839748
6934693,0.0340897571804,0.0966907567474,0.869219486072
7224450,0.0390936904994,0.2105889464,0.7503173631
6898157,0.00548192687664,0.0440206509004,0.950497422223
6837355,0.0124849720726,0.125360863113,0.862154164814
6830595,0.181551331439,0.327192542274,0.491256126288
6943561,0.164084314381,0.388805967904,0.447109717715
6844380,0.113017290426,0.350244345939,0.536738363634
6814286,0.0396855194593,0.205670574611,0.75464390593
6898520,0.0798997899434,0.288744039624,0.631356170433
6940979,0.120011837545,0.314574521259,0.565413641196
6851090,0.0938666308584,0.14767974014,0.758453629002
7107169,0.0396855194593,0.205670574611,0.75464390593
6830287,0.153407467932,0.314127955815,0.532464576253
6933575,0.150424616288,0.35773769168,0.491837692032
6938972,0.0678499088797,0.318296155318,0.613853935802
6888315,0.00294729830764,0.0309717646681,0.966080937024
6855106,0.0316131303289,0.18737326579,0.781013603881
6838237,0.117931090764,0.291534944488,0.590533964749
6901024,0.134035806137,0.343212467572,0.522751726291
6846627,0.0122797803025,0.0607691959716,0.926951023726
7219857,0.00181433411859,0.0224654283851,0.975720237496
6852685,0.0880786457889,0.265002549645,0.646918804566
6831610,0.0290152516384,0.320671752573,0.650312995788
6943538,0.108018557228,0.438215773058,0.453765669713
6911637,0.00503638829123,0.0904706848264,0.904492926882
6854543,0.0189232217943,0.150595115266,0.83048166294
6940451,0.0903673588737,0.300905537333,0.608727103793
6819530,0.129878990972,0.317348254352,0.552772754676
7093396,0.115704728955,0.445440304332,0.438854966713
6840326,0.0013361391192,0.074852337151,0.92381152373
6834204,0.00365495727162,0.0703555321534,0.925989510575
6902518,0.27677803603,0.414690606057,0.308531357913
6930253,0.00468714434488,0.0923056513542,0.903007204301
6828293,0.000193869809878,0.00882811480043,0.99097801539
7203744,0.224449853415,0.332251752215,0.44329839437
6816478,0.00457951314109,0.100273209685,0.895147277174
6868890,0.0166916701529,0.184039647595,0.799268682252
6879338,0.0709384437458,0.284865441863,0.644196114391
6898532,0.0673192078985,0.233450320283,0.699230471819
6899965,0.14326944188,0.33051935724,0.52621120088
7133875,0.0114634911658,0.0493445644515,0.939191944383
6822218,0.0871300910004,0.220517299633,0.692352609366
6814018,0.147554825726,0.347252270922,0.505192903352
6896376,0.139520448991,0.327801794938,0.532677756071
6918670,0.0646832618991,0.219167972958,0.716148765143
6867839,0.000386426448071,0.0416687939972,0.957944779555
6823554,0.000734454738232,0.0386251877431,0.960640357519
6934798,0.0541047639418,0.118097416505,0.827797819553
6820823,0.0467760565529,0.294335810108,0.658888133339
6880212,0.02479904263,0.20000681844,0.77519413893
6934814,0.0109304479175,0.0575635992219,0.931505952861
7254134,0.0857709526245,0.231631421042,0.682597626334
6938303,0.129878990972,0.317348254352,0.552772754676
6813807,0.100997551567,0.269531892975,0.629470555458
6878604,8.1723740493e-16,1.23888409544e-07,0.999999876112
6876763,0.00423620051167,0.105816936024,0.889946863465
6844352,0.0385171000523,0.223167340706,0.738315559242
6915939,0.185200069873,0.351048689391,0.463751240737
7109370,0.0413509720802,0.19901017646,0.75963885146
6855445,0.0188300339222,0.217617413422,0.763552552656
6818668,0.102499866772,0.258662099365,0.638838033863
6836527,0.000310205055828,0.0110861872736,0.988603607671
6831717,0.0516743201671,0.250223939979,0.698101739854
6937162,0.0826307653099,0.240275067008,0.677094167682
6922876,0.1141365419,0.268265461139,0.617597996961
7109482,0.0705682462524,0.244795643599,0.684636110149
6940972,0.0586188478396,0.22842882753,0.71295232463
6883790,0.197258447583,0.332966490521,0.469775061896
6921643,0.117336121242,0.326319447782,0.556344430976
6935700,0.000681448367381,0.0369478076013,0.962370744031
6827025,0.241346689057,0.449709685856,0.308943625087
6943096,0.103718255676,0.296555585745,0.599726158579
7161468,0.0238167273304,0.0692102252304,0.906973047439
6879610,0.107722306177,0.326633157911,0.565644535912
6935762,0.104876717063,0.315512930325,0.579610352611
6925042,0.0156867252381,0.127436926732,0.85687634803
7121050,0.0653620515227,0.272965355606,0.661672592872
6821601,0.17038988458,0.344833189184,0.484776926236
6926810,0.0656973179637,0.273468648114,0.660834033922
6946532,0.0190794050159,0.143578963594,0.83734163139
6875171,0.245566119447,0.446753673792,0.307680206761
7096285,0.160288007517,0.354234803928,0.485477188555
6812321,0.0146540875724,0.0553354086331,0.930010503794
6822697,0.140484729638,0.214171415152,0.64534385521
6941294,0.0160117903038,0.132930439604,0.851057770092
6873564,4.31614420268e-07,0.00115518369872,0.998844384687
6926791,0.0531473697361,0.233962339576,0.712890290688
7142444,0.274067766369,0.388504140885,0.337428092747
6878128,0.242209898925,0.362156508483,0.395633592592
6927428,0.0280351960142,0.264810828433,0.707153975553
6812674,0.00434278235395,0.0341125489414,0.961544668705
6881774,0.0260572310539,0.268924028824,0.705018740122
7167797,0.0169445830145,0.143503924981,0.839551492005
6865238,0.029241096584,0.234380225113,0.736378678303
6841710,0.0252918606714,0.071129448028,0.903578691301
6856334,0.000787372925031,0.0430940106467,0.956118616428
6906462,0.0166256077591,0.135107486119,0.848266906122
6837438,0.160151505155,0.354164978181,0.485683516664
6908277,0.157010049834,0.361371350994,0.481618599172
6841291,0.0188147163507,0.0621215068599,0.919063776789
6915178,0.0925905391689,0.303302118152,0.604107342679
6893031,0.0839591649568,0.293640517613,0.622400317431
6894985,0.301304800963,0.410508674877,0.28818652416
6931134,0.119567011881,0.314230543342,0.566202444776
6872264,0.0636524586398,0.235593982417,0.700753558943
6816953,0.306799764633,0.379528499604,0.313671735763
7163518,0.335530344484,0.408736796075,0.25573285944
6893253,0.102417816504,0.313201151886,0.584381031609
6943822,0.102913113809,0.286608868044,0.610478018147
6946313,0.0551057640593,0.205987452666,0.738906783275
6839443,0.0269331824677,0.208766340627,0.764300476905
6911338,0.038186112151,0.192731759044,0.769082128805
7223877,0.274805672452,0.384261611998,0.34093271555
6917884,0.0673197918291,0.25229555978,0.680384648391
6823126,0.0118370254714,0.122409337827,0.865753636702
6939488,0.0938666308584,0.14767974014,0.758453629002
7196924,0.0312112913774,0.0929826821896,0.875806026433
6905685,0.0537363204204,0.238617151857,0.707646527722
6894092,0.0642263553243,0.315027007463,0.620746637213
6812181,0.0168996152663,0.064594193838,0.918506190896
6854610,0.0373530058411,0.200681399012,0.761965595147
6873754,0.146902002997,0.451408776956,0.401689220047
6859181,0.184286081847,0.328367100659,0.487346817494
6825402,0.0101347948211,0.144645671539,0.84521953364
6819526,0.00641230868156,0.108330616726,0.885257074592
6896065,0.00136032252137,0.0574602175689,0.94117945991
6931793,0.0969405739766,0.334700410778,0.568359015245
6907360,0.00842262941396,0.133225533204,0.858351837382
6813182,0.000439138503121,0.0299429011123,0.969617960385
6823959,0.0544607258004,0.215286591643,0.730252682557
6942189,0.131486269963,0.314902145011,0.553611585027
6844384,0.0276490997339,0.19497331348,0.777377586786
6836888,0.233982857171,0.379116937621,0.386900205208
6917844,0.0252208423499,0.170403218187,0.804375939464
6937842,0.181331291892,0.391998383962,0.426670324146
6926917,0.118420255006,0.308931533324,0.57264821167
7160740,0.148422443971,0.28266771745,0.568909838578
6936310,0.099304497512,0.29671975214,0.603975750348
6849109,0.086517710223,0.26328207777,0.650200212007
6831018,0.00596677578447,0.0779798909718,0.916053333244
6909842,0.0502785532265,0.243964055328,0.705757391445
6861360,0.0345240402875,0.213568752864,0.751907206849
6883414,0.0370220028491,0.190234162815,0.772743834336
6876026,0.0493186563911,0.224219431992,0.726461911617
7095390,0.00242499471698,0.0235884425407,0.973986562742
6932265,0.207765524765,0.354124497917,0.438109977318
6870949,0.0269512140543,0.166643047616,0.80640573833
6831335,0.116075416473,0.424234819034,0.459689764493
6895698,0.130473327272,0.317758365937,0.551768306791
6889889,0.0540217443889,0.239100444986,0.706877810625
6876679,0.205121798061,0.440652104518,0.354226097421
6947097,0.173906399795,0.281688144093,0.544405456112
6874970,0.00165668557507,0.030313358362,0.968029956063
6831069,0.246612371859,0.385665785764,0.367721842377
6833628,0.162676892372,0.34903073922,0.488292368409
6819282,0.029241096584,0.234380225113,0.736378678303
6825025,0.00136193089233,0.0449193895507,0.953718679557
6856513,0.0544784018971,0.211260545986,0.734261052117
6928711,0.0122797803025,0.0607691959716,0.926951023726
6832548,0.0720949274082,0.307979583012,0.61992548958
6881870,0.0254754115051,0.24442968351,0.730094904985
6866978,0.141196198527,0.371493864819,0.487309936654
7163400,0.335530344484,0.408736796075,0.25573285944
6917187,0.0511143599557,0.115283548979,0.833602091065
6927475,0.0330477376725,0.23839515056,0.728557111767
6903243,0.095961085212,0.335928204819,0.568110709969
6876188,0.0697351165174,0.262898230529,0.667366652953
6922219,0.0544607258004,0.215286591643,0.730252682557
7104085,0.0385832540406,0.20617812744,0.755238618519
6920897,0.231978302904,0.385779817857,0.38224187924
6812177,0.0146540875724,0.0553354086331,0.930010503794
6941047,0.030531035586,0.175657807343,0.793811157071
6827609,0.00181433411859,0.0224654283851,0.975720237496
6934328,0.004840829782,0.0415032468763,0.953655923342
6937556,0.216535438453,0.379746304454,0.403718257093
6879765,0.139520448991,0.327801794938,0.532677756071
6942927,0.0126728039184,0.139401669731,0.847925526351
6945170,0.224413838475,0.391854743879,0.383731417645
6901915,0.0677098695825,0.280215429802,0.652074700616
6824475,0.046809046365,0.193033236467,0.760157717168
6832968,0.223754698575,0.370660036736,0.405585264689
7166718,0.0086074410309,0.0471634365249,0.944229122444
6905079,0.046295225247,0.20189628097,0.751808493783
6940297,0.317271895166,0.444196494683,0.23853161015
6911080,0.0301882467038,0.174826682459,0.794985070837
6917208,0.0238167273304,0.0692102252304,0.906973047439
6858925,0.0186434322717,0.23553368949,0.745822878238
7169883,0.108791844924,0.434146732112,0.457061422964
6944112,0.340822484103,0.404295897092,0.254881618806
6885816,0.125324460679,0.288633888166,0.586041651155
6837733,0.0490543420236,0.223749162518,0.727196495459
6828658,0.0262183559962,0.248960746205,0.724820897799
6839429,0.16922580698,0.339739998768,0.491034194252
7164794,0.150424616288,0.35773769168,0.491837692032
6837661,0.0953123930394,0.320343008956,0.584344598004
6883255,0.0585429164288,0.194875301616,0.746581781956
6833054,0.00801877488268,0.160740906604,0.831240318513
7675463,0.154560592804,0.314515349409,0.530924057787
6871526,0.118489313835,0.291957432307,0.589553253857
6876295,0.0149153061774,0.214801554035,0.770283139787
7204045,0.00996144966447,0.113274230243,0.876764320093
6840357,0.198094625852,0.363943416819,0.437961957329
6917531,0.00198729305218,0.0330688634471,0.964943843501
6886057,0.160151505155,0.354164978181,0.485683516664
6833734,0.0753163766125,0.257337094939,0.667346528448
6908098,0.137329750154,0.373381219768,0.489289030078
6860562,0.0539438895751,0.235301649383,0.710754461042
6859167,0.135585494498,0.303820428575,0.560594076928
6812141,0.00544544514212,0.0347208259661,0.959833728892
6919431,0.0169781647741,0.136413003498,0.846608831727
6869389,0.0340897571804,0.0966907567474,0.869219486072
6906034,0.127367057928,0.298275262074,0.574357679997
7108495,0.0168002234849,0.135781186591,0.847418589924
6864681,0.005785709261,0.083805591396,0.910408699343
6893982,0.0472963301098,0.210096664026,0.742607005864
6862160,0.099985648057,0.31927075177,0.580743600173
6854804,0.0760057652454,0.283813759545,0.640180475209
7143164,0.0349254172332,0.24366512511,0.721409457657
6936651,0.0837672251934,0.260419243736,0.65581353107
6837450,0.0749775774009,0.262323534048,0.662698888551
6908259,0.31024301456,0.406381532959,0.283375452481
6916539,0.107762469544,0.300153093405,0.592084437051
6947176,0.145187009793,0.268076562065,0.586736428141
6933958,0.191500955476,0.332089709279,0.476409335244
6816549,0.0797203347275,0.387422355022,0.532857310251
6876117,0.0169781647741,0.136413003498,0.846608831727
6848605,0.048301061895,0.228996820134,0.722702117971
6840659,0.0823179707835,0.21597855254,0.701703476677
6823496,0.102417816504,0.313201151886,0.584381031609
6912609,0.0284704629603,0.213573721147,0.757955815893
7097937,0.0242134542601,0.146602350071,0.829184195669
6924524,0.0238224413307,0.166312155069,0.8098654036
6938236,0.117306247975,0.330726319854,0.551967432171
6865751,0.00288505628375,0.0640290224489,0.933085921267
6936323,0.0176873117909,0.13889070891,0.843421979299
6868422,0.130590050631,0.330023982256,0.539385967112
7210133,0.116533123053,0.357642770231,0.525824106717
7215631,0.0985579684228,0.255558514083,0.645883517494
6940189,0.0750699372577,0.243030364067,0.681899698675
6888941,0.00137049670931,0.05195033619,0.946679167101
6831598,0.128502499749,0.339328353615,0.532169146637
6939963,0.0230185332605,0.163887973121,0.813093493618
6897175,0.170544322873,0.277321052674,0.552134624453
6816167,0.0191148482839,0.227059480134,0.753825671582
6812965,0.013705384721,0.130676889264,0.855617726015
7149372,0.310634639394,0.418733453213,0.270631907393
6875959,0.0015801736661,0.0481416476723,0.950278178662
6925644,0.0379750504167,0.192295071111,0.769729878472
6874269,0.13600433706,0.267271455405,0.596724207535
6814721,0.0410653481037,0.214786431148,0.744148220748
6922432,0.0241780803565,0.159091791004,0.816730128639
6858861,0.0294592322423,0.187529621978,0.783011145779
6835339,0.0328194240516,0.148984248251,0.818196327697
6896997,0.0887766645951,0.308805916864,0.602417418541
6921134,0.0165580989063,0.0585619825799,0.924879918514
6883685,0.094334852738,0.333056959574,0.572608187688
6911406,0.00512160238385,0.0792065848608,0.915671812755
6825733,0.232608441559,0.360318830636,0.407072727805
6884462,0.23110683794,0.350365368257,0.418527793803
6858682,0.0167209834096,0.185944924674,0.797334091917
6894013,0.0223313601535,0.241216612596,0.736452027251
6856391,0.196447470378,0.373903743777,0.429648785845
6828064,0.00437001118716,0.0342142247601,0.961415764053
6817336,6.64978814897e-05,0.00453359002824,0.99539991209
6819178,0.0156807325207,0.143096668208,0.841222599272
7147339,0.351870874575,0.475113179529,0.173015945896
6887757,0.199646038754,0.351611203166,0.448742758081
6946859,0.0401203020425,0.181507530218,0.77837216774
6855963,0.14326944188,0.33051935724,0.52621120088
6839828,0.127456240443,0.366371876088,0.506171883469
6870806,0.0918111443904,0.368898995499,0.539289860111
6880221,0.106043553202,0.304975972901,0.588980473897
6921809,0.128569779458,0.334896869831,0.53653335071
6897069,0.0872311017409,0.308049285986,0.604719612273
6897157,0.213305906783,0.279390570812,0.507303522405
6898912,0.00171042215355,0.0740003843939,0.924289193453
6856271,0.102126642166,0.278522263693,0.619351094141
6888381,0.017796990376,0.0721274180969,0.910075591527
7099191,5.53274046039e-06,0.00399682008553,0.995997647174
6917882,0.192135144211,0.367887906015,0.439976949775
6931260,0.000126465827309,0.0142319874387,0.985641546734
6849996,0.155298202115,0.451331709292,0.393370088593
6887973,0.0790789642909,0.398161954971,0.522759080738
6850205,0.12689239791,0.365947328286,0.507160273803
6845657,0.360570140766,0.378319748878,0.261110110356
6930302,0.0673197918291,0.25229555978,0.680384648391
6852391,0.17038988458,0.344833189184,0.484776926236
6920411,0.249341984719,0.345814507835,0.404843507446
6907999,0.0420760921616,0.234416786789,0.72350712105
6864094,0.0609134259925,0.224794453569,0.714292120439
6813852,0.128569779458,0.334896869831,0.53653335071
7232295,0.174160107842,0.389026983776,0.436812908382
6896558,0.0964106369556,0.338395866264,0.565193496781
6858919,0.05019055929,0.24414726009,0.70566218062
6847828,0.1413237906,0.39729943345,0.461376775951
6925116,0.0985469938577,0.267332929051,0.634120077091
6854687,0.0825312591869,0.271335884631,0.646132856183
6946415,0.0524061039641,0.218754249769,0.728839646267
6827859,0.00217794045449,0.0245248765728,0.973297182973
6884313,0.32466923127,0.408912674306,0.266418094424
6848651,0.031938481299,0.179004754804,0.789056763897
7136298,0.0620892064372,0.216025993584,0.721884799979
6874534,0.0285188004963,0.230908676386,0.740572523118
6908942,0.16725600535,0.35306302495,0.4796809697
6894718,0.00450194535018,0.068399498319,0.927098556331
6876449,0.0975515361677,0.254368383475,0.648080080358
6825630,0.188693317133,0.394773979947,0.41653270292
7155655,0.0311861256573,0.210167346578,0.758646527765
7201310,0.0849094241241,0.281341836919,0.633748738957
6864334,0.0382584855469,0.186861328345,0.774880186108
6876658,0.0337818953506,0.183237685684,0.782980418966
6842370,0.147597225043,0.302529811134,0.549872963823
6835467,0.237464056495,0.314440039798,0.448095903707
7227368,0.217672407787,0.298137161722,0.484190430491
6859482,0.14326944188,0.33051935724,0.52621120088
6878641,0.0752235217766,0.266091772949,0.658684705274
6869916,0.00359946922221,0.0311919935253,0.965208537253
6841060,0.0773936024325,0.407021312007,0.51558508556
6887832,0.0431548499959,0.233424090736,0.723421059268
6905898,0.0174577476273,0.145561707307,0.836980545065
7104742,0.174160107842,0.389026983776,0.436812908382
6948090,0.072352621102,0.283006939036,0.644640439862
6839851,0.110853997842,0.44097024027,0.448175761889
6934051,0.030954941596,0.140327586132,0.828717472272
6888727,0.0843797592699,0.359621369158,0.555998871573
7167478,0.0363708478768,0.214789782232,0.748839369891
6892109,0.0724803909478,0.239929851635,0.687589757418
6908544,0.279073623637,0.328386334214,0.392540042148
6921725,0.0231629824496,0.223815257493,0.753021760057
6932343,0.110839209285,0.352642746797,0.536518043918
6914309,0.0129635062131,0.0522643867913,0.934772106996
6919805,0.0891714888353,0.246867358204,0.66396115296
6947828,0.142666674918,0.325644048482,0.5316892766
6920362,0.0617836087318,0.199038091114,0.739178300155
7110179,0.31974794887,0.409361472687,0.270890578444
6877834,0.105362589278,0.281270790769,0.613366619953
6876966,0.0975515361677,0.254368383475,0.648080080358
6823918,0.00724822382952,0.106712771548,0.886039004622
6871243,0.0134171629192,0.122886394111,0.86369644297
6928189,0.162407940738,0.2896975704,0.547894488861
6852455,0.0201099918916,0.231164437271,0.748725570837
7208631,0.086517710223,0.26328207777,0.650200212007
6831811,0.151562502074,0.382185943634,0.466251554293
6904276,0.00429248274952,0.0893223715278,0.906385145723
6831589,0.0956649721418,0.333338190502,0.570996837356
6901814,0.10621875479,0.302740020935,0.591041224275
6854667,0.233344896029,0.334292582069,0.432362521902
7192650,0.0309015887016,0.188235974512,0.780862436787
6836299,0.0146540875724,0.0553354086331,0.930010503794
6887919,0.0196765295744,0.168872837477,0.811450632949
6927679,0.072352621102,0.283006939036,0.644640439862
6855908,0.0796891622145,0.236867981295,0.68344285649
6854766,0.0392482966188,0.188830216476,0.771921486905
6847472,0.0957450517222,0.285329411247,0.618925537031
6862519,0.0365486466621,0.248810973182,0.714640380156
6938819,0.248229702621,0.303093753068,0.448676544312
6945434,0.0182770474253,0.213430212588,0.768292739987
6832722,0.314436627484,0.371446841072,0.314116531443
6852707,0.0317344230575,0.151435527563,0.81683004938
7177680,0.261427660028,0.51311393238,0.225458407592
6834945,0.0620711094568,0.209793550941,0.728135339602
6890316,0.0551768390642,0.241035377474,0.703787783462
6816620,0.00668786004488,0.106234390548,0.887077749407
6945175,0.0164830774077,0.153947192081,0.829569730511
6914016,0.0381333230914,0.149812573504,0.812054103405
6852619,0.0718493958006,0.228018066324,0.700132537875
6813211,0.0770740555195,0.349568674558,0.573357269922
6820546,0.0316131303289,0.18737326579,0.781013603881
6836128,0.0361432592032,0.0835177622543,0.880338978543
6850557,0.152766192034,0.338105664244,0.509128143721
6864997,0.000134588654948,0.00397449048008,0.995890920865
6883705,0.0156251342789,0.138643583932,0.845731281789
6898767,0.00545148617861,0.0860040080724,0.908544505749
6866020,0.0424099246534,0.185685689315,0.771904386032
7126382,0.31974794887,0.409361472687,0.270890578444
6847427,0.0770740555195,0.349568674558,0.573357269922
6841013,0.0437462263665,0.265538899371,0.690714874263
6909469,0.017796990376,0.0721274180969,0.910075591527
6922473,0.0020320394553,0.0513547201873,0.946613240357
6925906,0.0647880636462,0.237241982484,0.69796995387
6946014,0.046809046365,0.193033236467,0.760157717168
6820739,0.0532173156261,0.322858645293,0.623924039081
6927559,0.129358394971,0.363381070686,0.507260534344
7174772,0.00692946798701,0.0425794060591,0.950491125954
6931036,0.0303683241292,0.285740835866,0.683890840005
6918163,0.0252208423499,0.170403218187,0.804375939464
6893604,0.144290275394,0.331135139316,0.52457458529
6868844,0.228040225924,0.455206679914,0.316753094162
6814537,0.124352225982,0.275286542062,0.600361231956
6916118,0.0291842590857,0.172293161044,0.798522579871
6838509,0.048301061895,0.228996820134,0.722702117971
6919725,0.0853215943655,0.282174012606,0.632504393029
6932476,0.000109928869823,0.0228163543616,0.977073716769
6860496,0.105468509437,0.343303578662,0.551227911901
7156799,0.0574330830871,0.237769593087,0.704797323826
6837521,0.0178560924319,0.146832350505,0.835311557063
6913204,0.107762469544,0.300153093405,0.592084437051
6947516,0.128216500754,0.362539645656,0.50924385359
6838117,0.0269512140543,0.166643047616,0.80640573833
6933366,0.152419897959,0.335410063168,0.512170038874
7134198,0.0619963040068,0.263894774312,0.674108921681
6898450,0.0709195256228,0.238013603016,0.691066871361
6819926,0.0215264526766,0.0721790319465,0.906294515377
6947698,0.126443012796,0.432834485086,0.440722502119
6838721,0.00929351820561,0.144041820251,0.846664661543
6936661,0.24601093391,0.447217604399,0.306771461691
6912257,0.0573949489644,0.226512901685,0.716092149351
6905569,0.00192151239697,0.0500137005931,0.94806478701
6927167,0.129358394971,0.363381070686,0.507260534344
7150689,0.0157751082482,0.131895478169,0.852329413583
6820358,0.0570795848672,0.316114323683,0.62680609145
6945045,0.0380763529716,0.2299591163,0.731964530728
6866884,0.184194232011,0.408549415864,0.407256352124
6820658,0.0407850750809,0.224853921493,0.734361003426
6826462,0.21082657096,0.421144493714,0.368028935326
6932390,0.00209557217421,0.0907854277174,0.907119000108
6905031,0.0298773755436,0.297292360576,0.67283026388
6923011,0.0872782806575,0.323846930503,0.58887478884
6908504,0.176273178897,0.399911950335,0.423814870768
6881050,0.0798624033203,0.138615126344,0.781522470336
6892968,0.0153930807905,0.157490771153,0.827116148056
7346996,0.186955356917,0.300056543331,0.512988099752
6876206,0.00171732413863,0.0702575689716,0.92802510689
6813475,0.121539401755,0.307503239896,0.570957358349
7190057,0.152711911297,0.271996004842,0.575292083862
6838465,0.0886906366044,0.246106949696,0.665202413699
6899364,0.0061834902505,0.126460793322,0.867355716428
6891616,0.000951958851753,0.0190575035488,0.979990537599
6836715,0.0116712395833,0.132234758591,0.856094001826
6829616,0.0433610170457,0.219488248731,0.737150734223
6829144,0.0261798313886,0.247109716597,0.726710452015
6893064,0.0590447352049,0.362069676888,0.578885587907
6861300,0.0364710013797,0.21834550948,0.74518348914
6926847,0.0580091354505,0.406704921055,0.535285943495
6894021,0.0494409156715,0.197319171957,0.753239912371
6897946,0.0273565820523,0.0804678391828,0.892175578765
6835716,0.0309916206522,0.0851027901868,0.883905589161
6832160,0.204120481875,0.357177724378,0.438701793747
6835291,0.144324482724,0.260401409944,0.595274107332
6945184,0.00233796785387,0.081001867352,0.916660164794
7140488,0.132528097123,0.391327087477,0.476144815401
6937850,0.166859133947,0.362027397547,0.471113468507
6899603,0.0948897682959,0.2718125655,0.633297666204
6903105,0.159710377069,0.279875340753,0.560414282178
6828476,0.0252208423499,0.170403218187,0.804375939464
6835098,0.0292495490039,0.15421367369,0.816536777306
6830512,0.140254481854,0.306630869651,0.553114648495
6879997,0.0396711758404,0.186012585061,0.774316239099
7131517,0.122806971185,0.335082011945,0.54211101687
6835955,0.0309916206522,0.0851027901868,0.883905589161
6875250,0.00486869788611,0.113504512678,0.881626789436
6932794,0.0620088549598,0.292233157108,0.645757987933
6948263,0.0598131765664,0.353776964686,0.586409858747
6867201,0.141808187995,0.371884431319,0.486307380686
6882748,0.118572753799,0.271228825364,0.610198420838
6902842,0.113834582817,0.302638891239,0.583526525943
6847535,0.031628772314,0.266217739822,0.702153487864
6825267,0.0585429164288,0.194875301616,0.746581781956
6909277,0.0290339256438,0.0826507395641,0.888315334792
7152429,0.445786957437,0.322730222956,0.231482819607
6931179,0.0119162996626,0.116526194558,0.871557505779
6896746,0.1156029891,0.333510890739,0.550886120161
6937073,0.00100532299763,0.0388768670962,0.960117809906
6934627,8.37246786456e-05,0.0058736618788,0.994042613443
6887878,0.166859133947,0.362027397547,0.471113468507
6921531,0.030626357064,0.250421146713,0.718952496223
6897461,0.015765843567,0.0682197422136,0.916014414219
6862066,0.0835273363055,0.323435204621,0.593037459074
6851531,0.145934953988,0.323690129421,0.530374916591
6928550,0.00456603317608,0.0381543692043,0.95727959762
6945851,0.0347398434004,0.185374025961,0.779886130639
6946955,0.0202972047878,0.155426265135,0.824276530077
6869136,0.359331380234,0.331050084694,0.309618535073
6908667,0.296766621311,0.455885789826,0.247347588862
6820525,0.0727810172237,0.24029476964,0.686924213136
6887970,0.108276697939,0.300599558961,0.5911237431
6848365,0.042404534534,0.201114347211,0.756481118255
6816173,0.0162699151395,0.168776440016,0.814953644844
6900732,0.118278114879,0.354740779644,0.526981105476
6815786,0.0976653111737,0.312855706335,0.589478982491
6945972,0.0975515361677,0.254368383475,0.648080080358
6848445,0.0520351365244,0.201378512337,0.746586351139
6856486,0.14896629891,0.298158888069,0.552874813021
6867010,0.097881007871,0.291080264609,0.61103872752
6828257,0.0574927518275,0.102237088323,0.84027015985
6871807,0.0522047839311,0.201638547933,0.746156668136
7212966,0.0030009919787,0.0285960541347,0.968402953887
6889959,0.0796891622145,0.236867981295,0.68344285649
6915510,0.0502785532265,0.243964055328,0.705757391445
6905402,0.0357226588669,0.187523215746,0.776754125388
6826100,0.109856473306,0.328555000709,0.561588525985
6848893,0.0302795910054,0.161353376802,0.808367032192
7155647,0.0718010658851,0.221812737553,0.706386196562
6812883,0.0961451518365,0.26512227983,0.638732568334
6866095,0.0174715911143,0.127070855115,0.855457553771
6931127,0.0388799950243,0.210124674688,0.750995330287
6829407,0.0376720561056,0.271785073969,0.690542869926
6867548,0.410166065212,0.443505813012,0.146328121776
7132575,0.0520637805213,0.254454965936,0.693481253542
6890847,0.101412627133,0.245663403582,0.652923969285
6916429,0.203982523256,0.399710834446,0.396306642298
6884716,0.238651800168,0.367488229099,0.393859970734
6896897,0.246318990279,0.302736675945,0.450944333776
6941572,0.0583089083842,0.227966218665,0.71372487295
6945277,0.0575544528757,0.237960204284,0.70448534284
7133293,0.0171629933404,0.0907960979272,0.892040908732
7213385,0.0129635062131,0.0522643867913,0.934772106996
6831928,0.0870401084947,0.283718782116,0.62924110939
6932687,0.0730200016602,0.266918590064,0.660061408275
6873877,0.105713617044,0.302288423363,0.591997959593
7135459,0.0613397786107,0.21475678932,0.723903432069
6876620,0.00162835810218,0.0805359179801,0.917835723918
6936163,0.00231341403145,0.0629839571496,0.934702628819
6912398,0.114471226486,0.248957389289,0.636571384224
6917655,0.0191940759944,0.0684893244448,0.912316599561
6941149,0.072956659201,0.343888343611,0.583154997188
6941378,0.0399134666567,0.196241870679,0.763844662664
6882453,0.0105899544349,0.110492013817,0.878918031748
7119160,0.0811743710286,0.277393642917,0.641431986055
6868451,0.0717401603189,0.285647556411,0.64261228327
6945881,0.0280052694205,0.183605538295,0.788389192284
6822541,0.187053100077,0.293639028896,0.519307871027
6884355,0.174160107842,0.389026983776,0.436812908382
7132247,0.116006371598,0.357193757171,0.526799871231
6872049,0.0654677424775,0.220443728262,0.71408852926
6890740,0.126161979878,0.276826431743,0.597011588379
6840897,0.186256619948,0.291054888056,0.522688491996
6847694,0.0673197918291,0.25229555978,0.680384648391
6938196,0.0450011896268,0.237273279749,0.717725530625
6939526,0.00585711966575,0.0429349767299,0.951207903604
6917529,0.0242747003701,0.0762348275257,0.899490472104
6885636,0.00961080405265,0.111455116387,0.87893407956
7202614,0.00921276766011,0.0486945136533,0.942092718687
6926453,0.0983223776529,0.336153141844,0.565524480503
6844636,0.141196198527,0.371493864819,0.487309936654
6879293,0.231060660216,0.364100543029,0.404838796755
6924780,0.0825312591869,0.271335884631,0.646132856183
6881024,0.0418535444355,0.0891117514701,0.869034704094
6851374,0.125923352437,0.34774030727,0.526336340293
6850953,0.0231148924134,0.103816988411,0.873068119175
6892292,0.00254374381045,0.0695005968157,0.927955659374
6886159,0.0216289879246,0.146754638622,0.831616373453
6849877,0.107762469544,0.300153093405,0.592084437051
6940840,0.0226261692457,0.16268455533,0.814689275424
6926838,0.072352621102,0.283006939036,0.644640439862
6879243,0.0503469448823,0.37709731887,0.572555736247
6944286,0.0640550341756,0.12673588371,0.809209082115
6915587,0.238347357801,0.379917876922,0.381734765277
6881904,0.0825312591869,0.271335884631,0.646132856183
7154358,0.146454683137,0.323993153294,0.529552163569
6899258,0.0475749203971,0.204108188302,0.7483168913
6855460,0.0744802546914,0.33114416191,0.594375583399
6864884,0.0647880636462,0.237241982484,0.69796995387
6868209,0.0920729080415,0.275973102037,0.631953989922
6853834,0.0620895147824,0.267928949653,0.669981535565
7210020,0.163795740459,0.364845800254,0.471358459287
6933228,0.0139087363178,0.168657098016,0.817434165666
6929227,0.229043048673,0.444893275116,0.326063676212
7192346,0.320101642835,0.467743110755,0.21215524641
6928834,0.00593035241827,0.0431880637058,0.950881583876
6812269,0.00800954006198,0.041687246848,0.95030321309
6851446,0.0351838500012,0.277369674813,0.687446475186
6930820,0.00559367523241,0.121978094593,0.872428230175
6875310,0.0709195256228,0.238013603016,0.691066871361
6932397,0.0431918620085,0.330712225869,0.626095912123
6904291,0.00575798632813,0.0882016759093,0.906040337763
6921642,0.0865772421207,0.255731117079,0.6576916408
7136057,0.213811311815,0.338031019777,0.448157668408
6920815,0.0318833753684,0.169858653074,0.798257971558
6861757,0.108937391352,0.422355200186,0.468707408462
6934222,0.251988239613,0.360724878787,0.3872868816
6946448,0.00123672082682,0.0464571039059,0.952306175267
6890569,0.074300278549,0.249439531437,0.676260190014
6884477,0.0779907091648,0.241913319496,0.680095971339
7145006,0.0159661548768,0.128439167364,0.855594677759
6893718,0.000257393984477,0.0287565673758,0.97098603864
6893330,0.0344722079556,0.170207526512,0.795320265533
6901780,0.000246087399019,0.0234481776092,0.976305734992
6815738,0.167870273724,0.386191230484,0.445938495792
6917209,0.0224242538322,0.0673326486986,0.910243097469
6904227,0.0238224413307,0.166312155069,0.8098654036
6894402,0.000481216805277,0.0247931214133,0.974725661781
7146083,0.0124773308361,0.172701622939,0.814821046224
6902153,0.025436286326,0.176064310738,0.798499402936
6925988,0.332768701428,0.476509485417,0.190721813155
6881323,0.00335970124946,0.0301819156206,0.96645838313
6937405,0.202102916602,0.291915573284,0.505981510114
7098390,0.0533960423243,0.273082561933,0.673521395743
6935942,0.0483271563295,0.312009476818,0.639663366852
6833510,0.0833429346037,0.266712102951,0.649944962445
6812857,0.0839591649568,0.293640517613,0.622400317431
6828441,0.18906651035,0.366784620189,0.444148869462
6915711,0.1118332158,0.278617978591,0.609548805609
6880643,0.0572538562835,0.120945611307,0.821800532409
7224930,0.0254566620725,0.162640928051,0.811902409876
6852614,0.000249365157165,0.0100405870421,0.989710047801
6853816,0.0306605306782,0.287573813791,0.68176565553
6811964,0.0823744414245,0.325771103038,0.591854455537
6847800,0.0238224413307,0.166312155069,0.8098654036
6859897,0.0572467805061,0.209341166666,0.733412052828
6882929,0.00166528037076,0.0467345492479,0.951600170381
7157584,0.0516828699895,0.200921027593,0.747396102418
6863444,0.0361432592032,0.0835177622543,0.880338978543
6836902,0.00344604923285,0.0694978956445,0.927056055123
6918960,0.0664139170262,0.221378027438,0.712208055535
6882854,0.048301061895,0.228996820134,0.722702117971
6822755,9.4702252122e-07,0.000549015448267,0.999450037529
6815184,0.119456004964,0.314144454181,0.566399540855
6846582,0.00923615591292,0.0445843044017,0.946179539685
6940309,0.00107290041907,0.0437291759964,0.955197923585
6924056,0.0226261692457,0.16268455533,0.814689275424
6824481,0.0240397852651,0.158700571392,0.817259643343
6839735,0.0320635830194,0.207244162156,0.760692254824
6900130,0.0433610170457,0.219488248731,0.737150734223
6946739,0.0248570549569,0.183860886427,0.791282058616
7144008,0.106115143344,0.350856230665,0.543028625991
6863751,0.00340394287073,0.0690997288853,0.927496328244
6820293,0.0659453747745,0.269889449651,0.664165175575
6818472,0.0316131303289,0.18737326579,0.781013603881
6832420,0.100767028841,0.297734085123,0.601498886037
6879450,7.52410056223e-05,0.0190066773492,0.980918081645
6943618,0.0964106369556,0.338395866264,0.565193496781
6883463,0.080542400734,0.238068131021,0.681389468245
6834919,0.290165501922,0.321958821489,0.387875676589
7505696,0.0733856154371,0.267748812139,0.658865572424
6903645,0.0196639365897,0.0692529582276,0.911083105183
6831148,0.22031965661,0.357525030513,0.422155312877
6828948,0.0957450517222,0.285329411247,0.618925537031
6878495,0.0276490997339,0.19497331348,0.777377586786
6924862,0.0172787199852,0.165577792083,0.817143487932
6887802,0.0937768990389,0.331283793258,0.574939307703
6903228,0.252173250398,0.371503617453,0.376323132149
6947415,3.07125135907e-06,0.00305468508996,0.996942243659
6941508,0.115763206959,0.269172845967,0.615063947074
6856111,0.046809046365,0.193033236467,0.760157717168
7126808,0.171344419719,0.463400094726,0.365255485555
6939857,0.00903328386961,0.0526545798879,0.938312136242
6822528,0.0869850225401,0.525067624436,0.387947353024
6947631,0.101947200819,0.317089221888,0.580963577292
6887810,0.0332637916429,0.239012762439,0.727723445918
6849210,0.09793855115,0.274613039144,0.627448409706
6901742,0.000811310348092,0.045717644752,0.9534710449
6850925,0.0542999910938,0.0997733730545,0.845926635852
7181995,0.228720383396,0.257242859463,0.514036757141
6841559,0.0146540875724,0.0553354086331,0.930010503794
6822957,0.0233956845588,0.178949363639,0.797654951802
6943349,0.0960084536528,0.293115711413,0.610875834934
6923825,0.0168996152663,0.064594193838,0.918506190896
