listing_id,high,medium,low
7142618,0.0290594754751,0.238423467114,0.732517057411
7210040,0.193937100647,0.419927286607,0.386135612746
7103890,0.00946496185424,0.05058480878,0.939950229366
7143442,0.0683607490612,0.352164622019,0.57947462892
6860601,0.030972313963,0.164830168241,0.804197517796
6840081,0.00536432678324,0.0706338897626,0.924001783454
6922337,0.114727174674,0.252237018564,0.633035806762
6913616,0.278920850868,0.336918924126,0.384160225005
6937820,0.204701271397,0.412394743972,0.382903984631
6893933,0.0313308264513,0.357782482285,0.610886691263
6832604,0.0393755985427,0.137908461426,0.822715940031
6915282,0.0963544844079,0.289989054924,0.613656460668
7127565,0.130899103621,0.259160808641,0.609940087738
6827899,0.0214801351512,0.0708948183154,0.907625046533
6934855,0.011876512711,0.161338102655,0.826785384634
6861826,0.0302111760378,0.199553588483,0.770235235479
6871643,0.0242586483143,0.32251303654,0.653228315146
6842542,0.0146953582468,0.0706979580926,0.914606683661
6934145,0.121821001096,0.220080156861,0.658098842043
6829365,0.0582031153795,0.193687627343,0.748109257278
7167858,0.0373716015166,0.425509107517,0.537119290967
6859483,0.0814192094365,0.202917294636,0.715663495928
6861377,0.037376447909,0.184308598985,0.778314953106
6848960,0.0439990564091,0.288108261793,0.667892681798
6918850,0.0499328058239,0.331157448043,0.618909746133
6916867,0.21669147079,0.357318459208,0.425990070002
6895840,0.00888976994793,0.17769668773,0.813413542322
6813539,0.242226316497,0.371344265946,0.386429417557
7116900,0.129044987409,0.26176407358,0.609190939011
6890328,0.26642760238,0.243497014799,0.490075382821
6879406,0.0197683066502,0.100269611201,0.879962082149
6824924,0.121310245435,0.267796449374,0.610893305191
6911302,0.135581041793,0.298979730538,0.565439227669
6918742,0.188095265517,0.242879816691,0.569024917792
6910586,0.0101900378924,0.0955144231879,0.89429553892
6821750,0.106249097599,0.126557132762,0.76719376964
6860647,0.0550308721724,0.358353458981,0.586615668847
6932873,0.131620975821,0.363601484665,0.504777539515
6846053,0.00525669601786,0.0184690573522,0.97627424663
6940365,0.0391901504886,0.260223363661,0.70058648585
6931867,0.13950356582,0.458962474011,0.401533960169
6876383,0.0398645876444,0.0599012721843,0.900234140171
6910980,0.0676978637478,0.231113243204,0.701188893048
6880877,0.0261455635934,0.10083172252,0.873022713886
6839552,0.0929666822838,0.312583330626,0.594449987091
6838051,0.124449840112,0.229226615495,0.646323544393
6928201,0.432753297923,0.274317341983,0.292929360094
6945608,0.127354891919,0.417919626927,0.454725481154
6816147,0.100935825798,0.35854551021,0.540518663992
6868129,0.0683008719708,0.417449009859,0.51425011817
6849448,0.0914760832957,0.2734847524,0.635039164304
7113677,0.112623637613,0.370935969747,0.51644039264
6930856,0.0235932674171,0.245056531323,0.73135020126
6889594,0.0232268435872,0.233367149458,0.743406006955
6842682,0.013419110028,0.0889006181336,0.897680271838
6880366,0.207000809846,0.389018447913,0.40398074224
6835063,0.0473163136506,0.118286089609,0.834397596741
6820479,0.21887192833,0.333723283431,0.447404788239
6882057,0.00345467302075,0.0557840762279,0.940761250751
6834440,0.108085022897,0.319964664373,0.57195031273
6880846,0.0101839002761,0.0882494304852,0.901566669239
6847248,0.0254406565535,0.0869466686611,0.887612674785
6868368,0.00440873028695,0.0361453332025,0.959445936511
6943505,0.0525448632949,0.267528786155,0.67992635055
7174304,0.0216537355295,0.0602321758885,0.918114088582
6880747,0.0343209936331,0.0767867108134,0.888892295554
6933565,0.00887070229086,0.171101065767,0.820028231942
6888511,0.0114405360349,0.0653610009859,0.923198462979
6942704,0.129345534369,0.559578632644,0.311075832986
6840304,0.18112754695,0.448226027234,0.370646425816
6856860,0.0270431529264,0.237062460269,0.735894386805
6884921,0.0156521283877,0.033205292335,0.951142579277
6937417,0.0301329922407,0.143716200327,0.826150807432
6831129,0.022998779719,0.265797718128,0.711203502153
6936660,0.0644921908552,0.244170279625,0.69133752952
6940667,0.00269755171905,0.0849187809862,0.912383667295
7201307,0.00372705083663,0.0487500812014,0.947522867962
6825434,0.0320182307873,0.233908350111,0.734073419102
6848114,0.13601227509,0.271018314004,0.592969410906
6947758,0.419420762566,0.331476067941,0.249103169493
6897002,0.192276158097,0.44376372088,0.363960121024
6926661,0.0104110315193,0.174292488853,0.815296479627
6867411,0.145352151789,0.387313080473,0.467334767738
6910154,0.0348894770704,0.117419394362,0.847691128568
7157900,0.0414007945194,0.214639035176,0.743960170305
6922324,0.0527919920256,0.263748737964,0.683459270011
6863068,0.022068778699,0.0913453504687,0.886585870832
6912109,0.0604240450413,0.184813040666,0.754762914292
6918609,0.0589540401558,0.329801602146,0.611244357698
6889300,0.0394299797172,0.321989461797,0.638580558486
6837794,0.171877853488,0.295374761816,0.532747384696
6943098,0.297897697514,0.399991720223,0.302110582263
6927601,0.0816222201718,0.296026507065,0.622351272763
6897826,0.00363154218362,0.0307429808126,0.965625477004
6882892,0.0404635209855,0.155857141743,0.803679337271
6873384,0.110026203594,0.348386594301,0.541587202105
6934693,0.0231417178462,0.132264629264,0.84459365289
7224450,0.0195589468893,0.27477402215,0.705667030961
6898157,0.0207904387017,0.0644289679421,0.914780593356
6837355,0.00580978048088,0.0797749857789,0.91441523374
6830595,0.0917847869169,0.276733959838,0.631481253245
6943561,0.101694842909,0.40231642498,0.495988732111
6844380,0.083016655443,0.316139492404,0.600843852153
6814286,0.0441673789778,0.259273112452,0.69655950857
6898520,0.113429152979,0.351073437682,0.535497409339
6940979,0.107114154848,0.265501110317,0.627384734835
6851090,0.200732352653,0.213050374422,0.586217272925
7107169,0.0344160237592,0.209938135537,0.755645840704
6830287,0.144390906011,0.296351026606,0.559258067383
6933575,0.0913202886669,0.384868253108,0.523811458225
6938972,0.0679224373046,0.27543063238,0.656646930315
6888315,0.00722717322463,0.0347548814161,0.958017945359
6855106,0.017289401083,0.178801901839,0.803908697078
6838237,0.159906321845,0.293588246818,0.546505431337
6901024,0.137638897481,0.347279355841,0.515081746679
6846627,0.014139642387,0.0685565302366,0.917303827376
7219857,0.00245986402765,0.0332252269367,0.964314909036
6852685,0.0472694669074,0.398103123704,0.554627409389
6831610,0.131578064593,0.389017579553,0.479404355854
6943538,0.171056801242,0.384238900195,0.444704298563
6911637,0.0721184190555,0.146010498457,0.781871082488
6854543,0.00417255120292,0.140537817897,0.8552896309
6940451,0.0806349037862,0.395228364383,0.524136731831
6819530,0.158465479419,0.329242970066,0.512291550514
7093396,0.219718071517,0.375607825654,0.404674102828
6840326,0.0063718455667,0.0646811105917,0.928947043842
6834204,0.029743288639,0.0898558598091,0.880400851552
6902518,0.185135173175,0.407296960365,0.407567866461
6930253,0.00808685076229,0.0926537706279,0.89925937861
6828293,0.00418173299015,0.0154921498475,0.980326117162
7203744,0.442522276612,0.260563620889,0.296914102498
6816478,0.020208428787,0.102303202505,0.877488368708
6868890,0.0315265781038,0.229127655398,0.739345766498
6879338,0.0413823990512,0.23070755634,0.727910044609
6898532,0.0269421349684,0.204801815638,0.768256049394
6899965,0.0704400040835,0.267247370773,0.662312625144
7133875,0.00169033634643,0.0347455046125,0.963564159041
6822218,0.101449150131,0.267031938337,0.631518911532
6814018,0.154700663982,0.232823034871,0.612476301147
6896376,0.173121184921,0.406862137249,0.420016677831
6918670,0.0664558047354,0.378970297789,0.554573897476
6867839,0.00626076225606,0.062481900916,0.931257336828
6823554,0.00799309517105,0.080571361302,0.911435543527
6934798,0.0189978196798,0.100408057397,0.880594122923
6820823,0.0971513766947,0.278794748788,0.624053874517
6880212,0.0328078803995,0.193456335871,0.77373578373
6934814,0.00500627999997,0.0455487991292,0.949444920871
7254134,0.0395320332007,0.153579294241,0.806888672559
6938303,0.103035865873,0.412227681347,0.48473645278
6813807,0.105820671379,0.386697089504,0.507482239118
6878604,0.015568562392,0.0529017898551,0.931529647753
6876763,0.00279010233191,0.0463261143417,0.950883783326
6844352,0.0122926954643,0.183811401136,0.8038959034
6915939,0.0897438013158,0.267996512885,0.642259685799
7109370,0.0460101745481,0.218386641957,0.735603183495
6855445,0.020373847651,0.197483964942,0.782142187407
6818668,0.108457922567,0.313846724056,0.577695353377
6836527,0.00841821486583,0.0256343991117,0.965947386022
6831717,0.0220356427828,0.192376953448,0.78558740377
6937162,0.102417007887,0.298940709302,0.598642282811
6922876,0.115891564864,0.325991407257,0.558117027879
7109482,0.071073235865,0.280416367127,0.648510397008
6940972,0.0693969609214,0.171873618391,0.758729420688
6883790,0.125370394812,0.290464970666,0.584164634522
6921643,0.118316040651,0.490712076933,0.390971882416
6935700,0.00238689149608,0.0716126338219,0.926000474682
6827025,0.10250254231,0.273828765744,0.623668691946
6943096,0.101796927971,0.270755194335,0.627447877694
7161468,0.00981226596344,0.0434358389435,0.946751895093
6879610,0.0772160318174,0.248617166488,0.674166801695
6935762,0.175964642684,0.294048412558,0.529986944758
6925042,0.0358249443697,0.0776383325337,0.886536723097
7121050,0.0648511536166,0.255750113028,0.679398733356
6821601,0.0803105432528,0.301767433404,0.617922023343
6926810,0.0815159616856,0.27119517787,0.647288860444
6946532,0.0150717829198,0.122813856797,0.862114360283
6875171,0.201480533663,0.422053496579,0.376465969758
7096285,0.123660568408,0.342876631514,0.533462800079
6812321,0.00576070060273,0.0669428287559,0.927296470641
6822697,0.114954276317,0.209898225806,0.675147497877
6941294,0.00342323104546,0.107643077432,0.888933691523
6873564,0.00853455616825,0.0408430691018,0.95062237473
6926791,0.027093632711,0.237402812302,0.735503554987
7142444,0.486035531916,0.272393167272,0.241571300812
6878128,0.231682629064,0.461684089448,0.306633281488
6927428,0.0521181157499,0.289063208691,0.658818675559
6812674,0.00374642875476,0.019819270531,0.976434300714
6881774,0.132322688885,0.309060532312,0.558616778803
7167797,0.00284338963124,0.0426507584012,0.954505851968
6865238,0.0495540982658,0.42613892071,0.524306981024
6841710,0.0255212168356,0.0513991778245,0.92307960534
6856334,0.0167736474134,0.0805389853509,0.902687367236
6906462,0.0162618603115,0.103970193035,0.879767946653
6837438,0.2224705357,0.334996652149,0.442532812151
6908277,0.10606272632,0.378573760707,0.515363512973
6841291,0.0153274947776,0.0281431018624,0.95652940336
6915178,0.0870300101505,0.361381506622,0.551588483228
6893031,0.0518905407289,0.353889670804,0.594219788467
6894985,0.304293259116,0.434112144037,0.261594596847
6931134,0.0582816594942,0.246650482867,0.695067857639
6872264,0.0498565506115,0.288574331631,0.661569117757
6816953,0.302963894302,0.294204398729,0.402831706969
7163518,0.282377886982,0.408188807328,0.30943330569
6893253,0.112809580325,0.512665929036,0.374524490639
6943822,0.0771927168653,0.275178541983,0.647628741151
6946313,0.0388554034049,0.310116939927,0.651027656668
6839443,0.101331823358,0.212095264041,0.686572912602
6911338,0.0658165092967,0.200110666803,0.734072823901
7223877,0.467113642176,0.302436072515,0.230450285309
6917884,0.0996486697431,0.322256384744,0.578094945513
6823126,0.0062775841016,0.047527265498,0.9461951504
6939488,0.186105791546,0.219290898633,0.594603309821
7196924,0.0304772558372,0.149289719944,0.820233024219
6905685,0.0413414723942,0.247129784385,0.71152874322
6894092,0.0463456162146,0.352651417767,0.601002966019
6812181,0.0175141384158,0.0894381357031,0.893047725881
6854610,0.0780376776528,0.239640211881,0.682322110466
6873754,0.148567654072,0.370660798969,0.480771546959
6859181,0.485183801436,0.208892001137,0.305924197427
6825402,0.0407662134531,0.224819033091,0.734414753456
6819526,0.0420310207157,0.179824500038,0.778144479246
6896065,0.00512564282416,0.112029566341,0.882844790835
6931793,0.0696977347741,0.33346093229,0.596841332936
6907360,0.015512967788,0.117519943488,0.866967088724
6813182,0.0119702383132,0.03688635237,0.951143409317
6823959,0.0356495153843,0.152220682958,0.812129801658
6942189,0.0529397751964,0.245226721371,0.701833503432
6844384,0.00769543988448,0.144340268591,0.847964291525
6836888,0.279122542184,0.475828448695,0.24504900912
6917844,0.0171763905807,0.142855118077,0.839968491342
6937842,0.194910246547,0.445422048392,0.359667705061
6926917,0.159922613867,0.316480812132,0.523596574001
7160740,0.170688019952,0.3286201349,0.500691845148
6936310,0.0519754849343,0.221785439978,0.726239075087
6849109,0.074243914674,0.228401555802,0.697354529524
6831018,0.0281879456546,0.0827913591294,0.889020695216
6909842,0.0592051001068,0.240499057023,0.70029584287
6861360,0.013956028104,0.158423340295,0.827620631601
6883414,0.0353313865653,0.184824685932,0.779843927503
6876026,0.0506824301852,0.181954509217,0.767363060598
7095390,0.00305061079541,0.0257917755638,0.971157613641
6932265,0.198983216805,0.428738930781,0.372277852414
6870949,0.0350400215959,0.189214643198,0.775745335206
6831335,0.104452786301,0.415192496531,0.480354717168
6895698,0.230221910701,0.319328958511,0.450449130788
6889889,0.0562007445664,0.258033946867,0.685765308566
6876679,0.0610731301474,0.23031749456,0.708609375293
6947097,0.284554109313,0.309316116351,0.406129774336
6874970,0.0161358037078,0.0954670611603,0.888397135132
6831069,0.264890578334,0.401056819467,0.334052602199
6833628,0.19949055946,0.379616174778,0.420893265762
6819282,0.0910721225416,0.315424014987,0.593503862471
6825025,0.039260568082,0.111750638309,0.848988793609
6856513,0.058415804205,0.253043512143,0.688540683652
6928711,0.00802799905008,0.060313002124,0.931658998826
6832548,0.0469240325838,0.237494539733,0.715581427683
6881870,0.0500430463022,0.376228822403,0.573728131294
6866978,0.133371110687,0.39089600935,0.475732879963
7163400,0.282377886982,0.408188807328,0.30943330569
6917187,0.0473176306744,0.165543331314,0.787139038011
6927475,0.0188052138393,0.215156493135,0.766038293026
6903243,0.0293879148405,0.173122141161,0.797489943998
6876188,0.0551483976271,0.237078298184,0.707773304189
6922219,0.0116881910961,0.221293706696,0.767018102208
7104085,0.0187559202951,0.168177650281,0.813066429424
6920897,0.186080393656,0.279222830093,0.534696776251
6812177,0.00145780451406,0.0201051467254,0.978437048761
6941047,0.0380281414531,0.193202906522,0.768768952024
6827609,0.00059059043213,0.0789898793735,0.920419530194
6934328,0.00915146112848,0.03729091292,0.953557625951
6937556,0.163403197915,0.466258896382,0.370337905703
6879765,0.162332967794,0.38138313211,0.456283900095
6942927,0.0183677967887,0.0862368857078,0.895395317503
6945170,0.118116379549,0.222872780515,0.659010839936
6901915,0.0544253045697,0.218332502861,0.727242192569
6824475,0.0334721311195,0.244125895459,0.722401973422
6832968,0.16970465023,0.379175531454,0.451119818317
7166718,0.00279156639915,0.0501454297878,0.947063003813
6905079,0.0334567800689,0.119117704701,0.84742551523
6940297,0.412252282621,0.418502307489,0.169245409891
6911080,0.0432022173657,0.258664810397,0.698132972237
6917208,0.0296784533268,0.0825950475465,0.887726499127
6858925,0.0585000404443,0.315808541032,0.625691418523
7169883,0.106851029694,0.343522462525,0.549626507781
6944112,0.251559874226,0.441086114523,0.307354011251
6885816,0.12129423938,0.35013417044,0.52857159018
6837733,0.0590144821073,0.248051169258,0.692934348635
6828658,0.0343587032492,0.181721240493,0.783920056258
6839429,0.172754499219,0.370336665909,0.456908834872
7164794,0.146663695308,0.275089928356,0.578246376336
6837661,0.10364598924,0.24530791267,0.65104609809
6883255,0.0601452395506,0.174999595907,0.764855164542
6833054,0.0980628629226,0.229402296524,0.672534840553
7675463,0.191175339707,0.341962192304,0.466862467989
6871526,0.103081997638,0.318661738328,0.578256264034
6876295,0.12073326752,0.349981653873,0.529285078607
7204045,0.0176166287385,0.0550600590889,0.927323312173
6840357,0.22216448887,0.367232275934,0.410603235196
6917531,0.0286950473182,0.0742660094229,0.897038943259
6886057,0.204793617142,0.3394222834,0.455784099458
6833734,0.0979358278046,0.309977265452,0.592086906744
6908098,0.12798019958,0.340127957149,0.531891843271
6860562,0.0531661286385,0.140929408342,0.805904463019
6859167,0.263288695616,0.250182703907,0.486528600477
6812141,0.00249299656118,0.0127020616496,0.984804941789
6919431,0.00771702229715,0.168505005442,0.823777972261
6869389,0.0280603769181,0.0945917821791,0.877347840903
6906034,0.0648223904902,0.323210968479,0.611966641031
7108495,0.0224866948482,0.1154186222,0.862094682952
6864681,0.00295889579474,0.0716125460054,0.9254285582
6893982,0.0533053367582,0.162693414179,0.784001249063
6862160,0.04187531978,0.307560534544,0.650564145676
6854804,0.0591408594283,0.40372141029,0.537137730282
7143164,0.0394247023009,0.191215057697,0.769360240002
6936651,0.126797556295,0.299289103654,0.573913340052
6837450,0.157850918887,0.273748309797,0.568400771316
6908259,0.220577394746,0.268495871464,0.510926733789
6916539,0.046050617846,0.322254068115,0.631695314039
6947176,0.219356350418,0.301046180624,0.479597468958
6933958,0.320900641266,0.388339567353,0.290759791381
6816549,0.152646132174,0.431396375862,0.415957491964
6876117,0.0169143975208,0.0961844726912,0.886901129788
6848605,0.03490401415,0.328150239972,0.636945745878
6840659,0.160669088578,0.224753991427,0.614576919995
6823496,0.164959410999,0.28401234315,0.551028245851
6912609,0.0353392336715,0.226031402115,0.738629364214
7097937,0.0711946334953,0.151575571401,0.777229795104
6924524,0.00473519146468,0.154479675551,0.840785132984
6938236,0.095504171657,0.412337925184,0.492157903159
6865751,0.0102581651277,0.108787603701,0.880954231172
6936323,0.00875147107483,0.106138628968,0.885109899958
6868422,0.134474018187,0.407608136677,0.457917845135
7210133,0.101622064004,0.331889547836,0.56648838816
7215631,0.121903578174,0.162277635519,0.715818786307
6940189,0.0448969636343,0.24467240373,0.710430632636
6888941,0.0020287060042,0.0548443540323,0.943126939964
6831598,0.0911934101292,0.319036635097,0.589769954774
6939963,0.0201917264625,0.0749509074142,0.904857366123
6897175,0.145077085868,0.301157582271,0.553765331861
6816167,0.105211167457,0.261428011528,0.633360821015
6812965,0.00954099028865,0.100251217546,0.890207792166
7149372,0.146669472906,0.316905034067,0.536425493027
6875959,0.0237396590581,0.0540613588681,0.922198982074
6925644,0.0400598250286,0.332581146316,0.627359028655
6874269,0.0889696349285,0.34941362107,0.561616744001
6814721,0.0463130985887,0.268115294341,0.685571607071
6922432,0.0236767729946,0.249811798526,0.726511428479
6858861,0.0463850023918,0.174394647925,0.779220349683
6835339,0.0771343743063,0.144471409954,0.778394215739
6896997,0.118543422949,0.285293482605,0.596163094446
6921134,0.00939962231978,0.0686207091124,0.921979668568
6883685,0.0971107082345,0.34198848095,0.560900810815
6911406,0.0106754101555,0.0729220634213,0.916402526423
6825733,0.26768854381,0.398692888289,0.333618567901
6884462,0.15726362136,0.32744318418,0.51529319446
6858682,0.0411446129205,0.224704938878,0.734150448201
6894013,0.0932854711584,0.26169707578,0.645017453062
6856391,0.160001355551,0.421203054374,0.418795590075
6828064,0.000643852254512,0.0927598783353,0.90659626941
6817336,0.0174828378551,0.0369746049759,0.945542557169
6819178,0.0334526010904,0.182969557094,0.783577841816
7147339,0.125150663732,0.306932354175,0.567916982093
6887757,0.150915056878,0.47768885034,0.371396092782
6946859,0.0257482171476,0.253505424896,0.720746357956
6855963,0.0701323739947,0.195142679952,0.734724946053
6839828,0.142981459355,0.325116183701,0.531902356943
6870806,0.134726522624,0.335311785678,0.529961691699
6880221,0.0620098932423,0.209244165602,0.728745941156
6921809,0.128088779316,0.489427854445,0.38248336624
6897069,0.100478650807,0.322921645551,0.576599703641
6897157,0.269051570306,0.339145336015,0.391803093679
6898912,0.0111185211793,0.162056909646,0.826824569175
6856271,0.085112799424,0.284022170307,0.630865030269
6888381,0.00928327869724,0.0516595429257,0.939057178377
7099191,0.0126246785017,0.0469328677758,0.940442453722
6917882,0.10801493533,0.392981858086,0.499003206584
6931260,0.00168701180754,0.0365720073565,0.961740980836
6849996,0.136384464255,0.518111279936,0.345504255809
6887973,0.0318749198874,0.280021792411,0.688103287702
6850205,0.107055986218,0.343449292326,0.549494721456
6845657,0.1220270942,0.389551543063,0.488421362736
6930302,0.030107553256,0.288610789875,0.681281656869
6852391,0.122237144043,0.193843966132,0.683918889825
6920411,0.354023971319,0.387382645325,0.258593383356
6907999,0.0274219953995,0.244939700831,0.72763830377
6864094,0.0379429215357,0.185846052984,0.776211025481
6813852,0.0891365369931,0.302730019298,0.608133443709
7232295,0.184142946058,0.435879481972,0.37997757197
6896558,0.0535579783853,0.31380564249,0.632636379124
6858919,0.0391206571447,0.233186173946,0.727693168909
6847828,0.0463761617765,0.240419149724,0.713204688499
6925116,0.0434244734878,0.306674012479,0.649901514033
6854687,0.0766532045538,0.286664874401,0.636681921045
6946415,0.0774446901032,0.254590326749,0.667964983147
6827859,0.00059059043213,0.0785558217003,0.920853587868
6884313,0.256879640919,0.470877292277,0.272243066804
6848651,0.0420886658736,0.165029769612,0.792881564515
7136298,0.0607725606684,0.214895162742,0.72433227659
6874534,0.0377065453385,0.17410959739,0.788183857272
6908942,0.15149278319,0.461932509082,0.386574707728
6894718,0.00751412575981,0.0340445941692,0.958441280071
6876449,0.120157159843,0.202719566223,0.677123273933
6825630,0.17118200437,0.383855769538,0.444962226092
7155655,0.0277286768889,0.213779236888,0.758492086223
7201310,0.0349540738022,0.185770616044,0.779275310154
6864334,0.0195804863281,0.171832115725,0.808587397947
6876658,0.0402897531286,0.218951970297,0.740758276575
6842370,0.210013710239,0.3431289146,0.446857375161
6835467,0.296159544476,0.277439350937,0.426401104587
7227368,0.119973958693,0.266924960273,0.613101081033
6859482,0.0887724106924,0.255530638323,0.655696950985
6878641,0.0445203408026,0.331294507835,0.624185151363
6869916,0.00138171223457,0.0126859048846,0.985932382881
6841060,0.0393263801388,0.212175153,0.748498466861
6887832,0.0218747493121,0.204235604115,0.773889646573
6905898,0.0124661201247,0.0791075549848,0.908426324891
7104742,0.115525113533,0.417687574558,0.466787311909
6948090,0.096520876034,0.249111935841,0.654367188125
6839851,0.106163096724,0.304801522235,0.589035381041
6934051,0.0539831702212,0.110690841723,0.835325988056
6888727,0.147565833255,0.2704533521,0.581980814645
7167478,0.0272225467069,0.213516186116,0.759261267177
6892109,0.0681591526412,0.16127649398,0.770564353379
6908544,0.327486107931,0.353147541054,0.319366351015
6921725,0.089640158996,0.327830271825,0.582529569179
6932343,0.0989077574997,0.356757358635,0.544334883865
6914309,0.00344817027301,0.0241853894537,0.972366440273
6919805,0.0750416408016,0.308666015265,0.616292343934
6947828,0.084410845923,0.428263884511,0.487325269566
6920362,0.0316950096866,0.163074242641,0.805230747672
7110179,0.274085967094,0.362830668825,0.363083364081
6877834,0.157473492517,0.257736138672,0.584790368811
6876966,0.120157159843,0.202719566223,0.677123273933
6823918,0.0513158111285,0.138071961239,0.810612227632
6871243,0.00593485566626,0.0499323809751,0.944132763359
6928189,0.194840541053,0.349178527409,0.455980931539
6852455,0.0863406978397,0.232548957157,0.681110345004
7208631,0.072056966378,0.356581952883,0.571361080739
6831811,0.126967162934,0.477381405261,0.395651431805
6904276,0.0197584918542,0.0729751752496,0.907266332896
6831589,0.051402067463,0.443148310554,0.505449621983
6901814,0.0329290790735,0.280067281641,0.687003639286
6854667,0.520128570094,0.256723820411,0.223147609495
7192650,0.0172287052939,0.148020750014,0.834750544692
6836299,0.0107362025213,0.08765738929,0.901606408189
6887919,0.00870200419488,0.128475652981,0.862822342824
6927679,0.0689187840186,0.299398867439,0.631682348542
6855908,0.059065138037,0.247857080161,0.693077781802
6854766,0.0177646395119,0.0972396086018,0.884995751886
6847472,0.0662656502354,0.213017799218,0.720716550546
6862519,0.044851539921,0.276208587992,0.678939872087
6938819,0.332680515501,0.326712031596,0.340607452904
6945434,0.0499654203886,0.223114532648,0.726920046963
6832722,0.554691811858,0.236857131798,0.208451056344
6852707,0.0113130040482,0.0863436146193,0.902343381333
7177680,0.0699713935778,0.317418575679,0.612610030743
6834945,0.07990905995,0.211223638607,0.708867301443
6890316,0.0559847962225,0.385491497199,0.558523706579
6816620,0.0124129130571,0.164129773508,0.823457313435
6945175,0.0408365518583,0.140346793159,0.818816654983
6914016,0.0209474680672,0.127054069577,0.851998462355
6852619,0.0468869257291,0.305177444657,0.647935629614
6813211,0.128265396819,0.346232915975,0.525501687206
6820546,0.0172343993909,0.112624338911,0.870141261698
6836128,0.0369377636594,0.0765939462791,0.886468290061
6850557,0.142714223431,0.350762231861,0.506523544708
6864997,0.0201230630086,0.0232829519469,0.956593985044
6883705,0.0247899523093,0.173066972098,0.802143075593
6898767,0.00333694711651,0.0456647321822,0.950998320701
6866020,0.038367669352,0.221609336486,0.740022994162
7126382,0.237267758538,0.392129103297,0.370603138165
6847427,0.103042813832,0.352892365299,0.544064820869
6841013,0.072359771689,0.361015072053,0.566625156258
6909469,0.00638487616299,0.121142889628,0.872472234209
6922473,0.00305693175928,0.0566890186504,0.94025404959
6925906,0.164136327709,0.212966415032,0.622897257259
6946014,0.0607050764417,0.186985641784,0.752309281774
6820739,0.0545176131746,0.480359856398,0.465122530427
6927559,0.125368212658,0.401230827036,0.473400960306
7174772,0.006121623043,0.0353821706201,0.958496206337
6931036,0.136324595598,0.410171870068,0.453503534334
6918163,0.0171763905807,0.142855118077,0.839968491342
6893604,0.120774258809,0.169261403137,0.709964338053
6868844,0.105959298617,0.379802817442,0.514237883942
6814537,0.223728994091,0.273169163143,0.503101842767
6916118,0.0406355301814,0.184089384518,0.775275085301
6838509,0.0560141515711,0.269597062217,0.674388786212
6919725,0.163977308698,0.271561971978,0.564460719324
6932476,0.00359627623173,0.0682810527676,0.928122671001
6860496,0.108394577357,0.285470902323,0.60613452032
7156799,0.0276145865913,0.189336610025,0.783048803383
6837521,0.00624172027145,0.0983089022351,0.895449377493
6913204,0.0614084823518,0.290156819582,0.648434698066
6947516,0.112206069958,0.310890805936,0.576903124106
6838117,0.080902842986,0.226806426846,0.692290730168
6933366,0.215477643155,0.398527608958,0.385994747887
7134198,0.0293525319283,0.357176374145,0.613471093927
6898450,0.0222116812977,0.198420179376,0.779368139326
6819926,0.0119504883049,0.0692651607684,0.918784350927
6947698,0.12584434075,0.389121833161,0.48503382609
6838721,0.0637313476593,0.163835648264,0.772433004077
6936661,0.0807484406131,0.369294823636,0.549956735751
6912257,0.0914581389061,0.234779932412,0.673761928682
6905569,0.00545669938888,0.0548092211783,0.939734079433
6927167,0.125368212658,0.401230827036,0.473400960306
7150689,0.0847441843066,0.135867564652,0.779388251042
6820358,0.0945289721118,0.278283511058,0.62718751683
6945045,0.018365122174,0.229294192285,0.752340685541
6866884,0.06706175336,0.286855621026,0.646082625614
6820658,0.0294454095234,0.177916017509,0.792638572968
6826462,0.0964270455245,0.28234218624,0.621230768236
6932390,0.00887070229086,0.170202924105,0.820926373604
6905031,0.155474538422,0.313837641785,0.530687819794
6923011,0.0699634144345,0.349720333502,0.580316252063
6908504,0.0759474877124,0.390778566389,0.533273945899
6881050,0.113397090757,0.130589894739,0.756013014504
6892968,0.00295471274207,0.159500483518,0.83754480374
7346996,0.146231656374,0.400013712778,0.453754630847
6876206,0.01240010558,0.162631360793,0.824968533627
6813475,0.171575138406,0.372882136238,0.455542725356
7190057,0.271466631509,0.297470459922,0.431062908569
6838465,0.128389042265,0.196102605437,0.675508352298
6899364,0.0468349843916,0.21861838163,0.734546633978
6891616,0.00578583304776,0.0191118092361,0.975102357716
6836715,0.0450000255225,0.148070341027,0.806929633451
6829616,0.0427144028705,0.191364354889,0.76592124224
6829144,0.0440103787447,0.303983659343,0.652005961912
6893064,0.0988671342739,0.345906684153,0.555226181573
6861300,0.0151497453854,0.161725179583,0.823125075031
6926847,0.138203938494,0.433634871854,0.428161189653
6894021,0.0114295433526,0.201617872561,0.786952584087
6897946,0.00950837943483,0.0995662162085,0.890925404357
6835716,0.0591071404163,0.166472711125,0.774420148459
6832160,0.250312762646,0.381126152758,0.368561084595
6835291,0.161424694806,0.322527975927,0.516047329267
6945184,0.0621899981139,0.231761471057,0.706048530829
7140488,0.0504850943908,0.261634958068,0.687879947542
6937850,0.153700163642,0.317155924384,0.529143911974
6899603,0.123889118794,0.330512954856,0.54559792635
6903105,0.132593722158,0.316603137195,0.550803140647
6828476,0.038710924407,0.117305557534,0.843983518059
6835098,0.0588799598769,0.126779685997,0.814340354126
6830512,0.114431519999,0.300974474786,0.584594005216
6879997,0.0522422428046,0.219677453103,0.728080304093
7131517,0.0737783856608,0.306524051016,0.619697563324
6835955,0.0319395343889,0.197830658434,0.770229807177
6875250,0.0606347057707,0.194392074957,0.744973219273
6932794,0.056988813626,0.284182160128,0.658829026246
6948263,0.108363756377,0.359872640113,0.53176360351
6867201,0.125391269394,0.38584539998,0.488763330626
6882748,0.183302087572,0.276002243273,0.540695669155
6902842,0.120947525685,0.244074098391,0.634978375924
6847535,0.0628334406784,0.298583652807,0.638582906514
6825267,0.0476792918175,0.22646365763,0.725857050553
6909277,0.0234121818458,0.134522445815,0.842065372339
7152429,0.246118825378,0.331976575099,0.421904599523
6931179,0.00725754185094,0.0695749268726,0.923167531276
6896746,0.079382022014,0.484416361044,0.436201616942
6937073,0.00330618844593,0.0508098409651,0.945883970589
6934627,0.00673883808173,0.00993972523288,0.983321436685
6887878,0.155927085204,0.460030798073,0.384042116724
6921531,0.0941309674742,0.324619547551,0.581249484974
6897461,0.0143846351767,0.0694414799759,0.916173884847
6862066,0.0688647968769,0.208585442078,0.722549761045
6851531,0.224156559972,0.456391802628,0.3194516374
6928550,0.00586340486569,0.0591925118861,0.934944083248
6945851,0.0712483973002,0.233008163359,0.695743439341
6946955,0.0162378978588,0.110894990377,0.872867111765
6869136,0.183790022019,0.384630529771,0.43157944821
6908667,0.111270084908,0.412616502908,0.476113412184
6820525,0.136648201289,0.22005932755,0.643292471161
6887970,0.0887083062242,0.398354630595,0.512937063181
6848365,0.039612085358,0.157486746404,0.802901168238
6816173,0.0704034671934,0.265013591741,0.664582941065
6900732,0.0953706028333,0.311890942413,0.592738454754
6815786,0.0738495840902,0.322459994945,0.603690420965
6945972,0.108899747423,0.244983505337,0.64611674724
6848445,0.0365680796174,0.289398996461,0.674032923921
6856486,0.141037737773,0.353274716882,0.505687545345
6867010,0.048505881733,0.286055584928,0.665438533339
6828257,0.140045977037,0.14831182884,0.711642194124
6871807,0.0350628410856,0.298659830026,0.666277328888
7212966,0.00496750317863,0.0208495119938,0.974182984828
6889959,0.0672808154119,0.253828419369,0.678890765219
6915510,0.0929512634834,0.247341975044,0.659706761472
6905402,0.0419840394326,0.271757672288,0.686258288279
6826100,0.0639633115232,0.337533815716,0.598502872761
6848893,0.0155376178581,0.136063069312,0.84839931283
7155647,0.0751556205351,0.271799731121,0.653044648344
6812883,0.11664080403,0.368095612814,0.515263583156
6866095,0.00982945445985,0.074867865343,0.915302680197
6931127,0.0294350438344,0.140234025593,0.830330930573
6829407,0.0324352298803,0.334123345197,0.633441424922
6867548,0.338560756212,0.392965474906,0.268473768882
7132575,0.0455550240462,0.283875258712,0.670569717242
6890847,0.0915223148476,0.275986719931,0.632490965221
6916429,0.123871778254,0.368361575719,0.507766646027
6884716,0.385399877846,0.366995701921,0.247604420233
6896897,0.296363763735,0.347631512325,0.35600472394
6941572,0.067207234604,0.180593758691,0.752199006705
6945277,0.0163698642265,0.133269355909,0.850360779865
7133293,0.0430489307821,0.111872804064,0.845078265154
7213385,0.00161699570651,0.0444260988929,0.953956905401
6831928,0.0362694032867,0.24445836069,0.719272236024
6932687,0.0342622447707,0.169811183915,0.795926571314
6873877,0.0362557945688,0.224831566271,0.73891263916
7135459,0.0748141953182,0.29918758644,0.625998218242
6876620,0.0165387808351,0.120332085605,0.86312913356
6936163,0.00943628114263,0.120168066862,0.870395651995
6912398,0.0991662335475,0.308947187297,0.591886579156
6917655,0.00898935169596,0.0646550422089,0.926355606095
6941149,0.0427329875779,0.286666800388,0.670600212034
6941378,0.0344343459204,0.176877921368,0.788687732712
6882453,0.0176012191757,0.110479478254,0.87191930257
7119160,0.120644314961,0.342383716878,0.536971968161
6868451,0.0587047981368,0.23300619316,0.708289008703
6945881,0.026736295318,0.233680077374,0.739583627308
6822541,0.129030966822,0.35207332218,0.518895710998
6884355,0.150128137583,0.483435872522,0.366435989896
7132247,0.0744155400939,0.287420776821,0.638163683085
6872049,0.0334763987711,0.240481901483,0.726041699746
6890740,0.0998045865754,0.297419951511,0.602775461913
6840897,0.215820797026,0.249347326098,0.534831876876
6847694,0.0469139763228,0.243903945232,0.709182078445
6938196,0.0468384530594,0.234308279898,0.718853267042
6939526,0.0054448917387,0.0843568962808,0.91019821198
6917529,0.019813284083,0.0832786252194,0.896908090698
6885636,0.0124995631141,0.0823162128798,0.905184224006
7202614,0.0211953706849,0.048196832603,0.930607796712
6926453,0.0957657913306,0.417265385488,0.486968823181
6844636,0.134447341798,0.423987479143,0.441565179059
6879293,0.280274453295,0.34728146994,0.372444076765
6924780,0.0416588510506,0.252844341846,0.705496807103
6881024,0.0814087642191,0.0940734206698,0.824517815111
6851374,0.0586036677433,0.242889140275,0.698507191981
6850953,0.0136787551767,0.162912270825,0.823408973998
6892292,0.00137180153067,0.0792578772285,0.919370321241
6886159,0.0575767203719,0.0967349721934,0.845688307435
6849877,0.0478228763427,0.396603672432,0.555573451225
6940840,0.00378162450058,0.0860954473845,0.910122928115
6926838,0.0715537130535,0.33109761209,0.597348674857
6879243,0.126365301018,0.365481297513,0.50815340147
6944286,0.0794659794168,0.135632746094,0.784901274489
6915587,0.331973568889,0.370261783073,0.297764648038
6881904,0.109263256328,0.240026406996,0.650710336676
7154358,0.209606578086,0.422864225171,0.367529196743
6899258,0.0228656113489,0.239781008358,0.737353380293
6855460,0.0769816637656,0.342175067101,0.580843269133
6864884,0.0411904297349,0.179607282804,0.779202287461
6868209,0.057286875358,0.2984307309,0.644282393742
6853834,0.0358806557565,0.171048573473,0.79307077077
7210020,0.112289820437,0.325620618751,0.562089560812
6933228,0.020575570737,0.192841020286,0.786583408977
6929227,0.1272579043,0.477791911236,0.394950184464
7192346,0.137692332058,0.342422373265,0.519885294678
6928834,0.0101369856193,0.0444351477599,0.945427866621
6812269,0.00783759326026,0.0621581317045,0.930004275035
6851446,0.0553007880683,0.269419118369,0.675280093562
6930820,0.0101895704334,0.095745721487,0.89406470808
6875310,0.022832587166,0.272726983192,0.704440429642
6932397,0.0934228615159,0.378763376325,0.527813762159
6904291,0.0138069079467,0.106061158824,0.880131933229
6921642,0.0552501814155,0.249496846173,0.695252972411
7136057,0.185154374061,0.336136485441,0.478709140499
6920815,0.0417450057216,0.169167294817,0.789087699461
6861757,0.155086624292,0.299671622626,0.545241753082
6934222,0.361969390613,0.302036047024,0.335994562363
6946448,0.0049458184846,0.0273600459931,0.967694135522
6890569,0.0720962319931,0.241708815409,0.686194952598
6884477,0.113140476585,0.288016070627,0.598843452788
7145006,0.0143094568706,0.111768962607,0.873921580522
6893718,0.00624333282429,0.0859710402781,0.907785626898
6893330,0.0326449644036,0.151953240964,0.815401794633
6901780,0.00333431214839,0.0836285696715,0.91303711818
6815738,0.133021869454,0.388023029132,0.478955101413
6917209,0.0138057146945,0.10442956664,0.881764718666
6904227,0.00828541890298,0.0882272212498,0.903487359847
6894402,0.00308887690744,0.0250304254664,0.971880697626
7146083,0.0128917619281,0.159015281951,0.828092956121
6902153,0.037292266507,0.16534093833,0.797366795163
6925988,0.0508869906553,0.259629775762,0.689483233583
6881323,0.00160406967939,0.0140246309984,0.984371299322
6937405,0.462200748277,0.291329094142,0.246470157581
7098390,0.0990025359588,0.284292893133,0.616704570908
6935942,0.0494891760822,0.391963479027,0.558547344891
6833510,0.0518981124273,0.281801088057,0.666300799516
6812857,0.0766483185809,0.252072032894,0.671279648525
6828441,0.218219915215,0.418201201209,0.363578883576
6915711,0.203591240795,0.32999958105,0.466409178155
6880643,0.0533415874284,0.126823551142,0.819834861429
7224930,0.0222352803308,0.210028028734,0.767736690935
6852614,0.00699201573331,0.0505720338289,0.942435950438
6853816,0.0353210293237,0.246792567948,0.717886402728
6811964,0.117589172911,0.311327871716,0.571082955373
6847800,0.00659089142395,0.106836113858,0.886572994718
6859897,0.0289521429454,0.268473798286,0.702574058769
6882929,0.00734818539485,0.0926990468617,0.899952767743
7157584,0.0394360613389,0.181419330613,0.779144608048
6863444,0.0316871613517,0.0593679889222,0.908944849726
6836902,0.00599619986918,0.0551974084963,0.938806391635
6918960,0.0665247771348,0.373838990343,0.559636232522
6882854,0.0825726146965,0.154815530744,0.762611854559
6822755,0.0214557303182,0.0295996137521,0.94894465593
6815184,0.0987953625309,0.230411900088,0.670792737381
6846582,0.00215671900862,0.0133317319507,0.984511549041
6940309,0.0514798620838,0.139734765677,0.808785372239
6924056,0.0041776036443,0.140177383799,0.855645012557
6824481,0.0515070441264,0.229820788165,0.718672167709
6839735,0.0456737953326,0.190771927537,0.763554277131
6900130,0.0349302333991,0.157661760974,0.807408005627
6946739,0.0188138330857,0.158875667927,0.822310498987
7144008,0.0457135163494,0.305739034761,0.64854744889
6863751,0.0112081664176,0.0579524276604,0.930839405922
6820293,0.0370680925554,0.224263295701,0.738668611744
6818472,0.0424315296671,0.166579481865,0.790988988468
6832420,0.0397377337868,0.260561656077,0.699700610136
6879450,0.00706744729337,0.0535639329154,0.939368619791
6943618,0.0769707019445,0.260105573407,0.662923724649
6883463,0.110026760153,0.226990235551,0.662983004296
6834919,0.426271173939,0.243255478444,0.330473347616
7505696,0.0581733967024,0.19696718643,0.744859416867
6903645,0.0031292665376,0.0705157006185,0.926355032844
6831148,0.228547208416,0.508645740307,0.262807051278
6828948,0.0737020941728,0.232347189935,0.693950715892
6878495,0.0321056243284,0.126675224845,0.841219150827
6924862,0.00474152525083,0.122389726751,0.872868747998
6887802,0.0466084857372,0.371724517176,0.581666997087
6903228,0.401385905133,0.285621395434,0.312992699433
6947415,0.0295329254259,0.0960430451669,0.874424029407
6941508,0.193172204155,0.23790354022,0.568924255625
6856111,0.0379486277149,0.197932345528,0.764119026757
7126808,0.135813827602,0.386501437713,0.477684734685
6939857,0.00424972021006,0.0927518323371,0.902998447453
6822528,0.0997117730291,0.37404712854,0.526241098431
6947631,0.114222843883,0.300608640636,0.585168515481
6887810,0.0162242534663,0.2158668954,0.767908851134
6849210,0.0809554040289,0.281459294114,0.637585301857
6901742,0.00960556329673,0.0962750523476,0.894119384356
6850925,0.0591747443276,0.134435511032,0.80638974464
7181995,0.207446753513,0.230125623063,0.562427623424
6841559,0.00712224226959,0.0207258071415,0.972151950589
6822957,0.0575975301488,0.181817715484,0.760584754367
6943349,0.0248631817248,0.203266286886,0.77187053139
6923825,0.00827970824489,0.0789103504689,0.912809941286
