listing_id,high,medium,low
7142618,0.0597464214986,0.349202383268,0.591051195233
7210040,0.35947779435,0.332993599171,0.30752860648
7103890,0.0400454308462,0.16795365246,0.792000916694
7143442,0.111049484835,0.362136912584,0.526813602581
6860601,0.0281564163912,0.285213438032,0.686630145577
6840081,0.00582214080716,0.0694293009848,0.924748558208
6922337,0.034293312204,0.312682661402,0.653024026394
6913616,0.299291860263,0.4224885455,0.278219594237
6937820,0.104478208136,0.255918951881,0.639602839983
6893933,0.0349998909818,0.199822915556,0.765177193462
6832604,0.0170270268122,0.0808796431515,0.902093330036
6915282,0.0835965179697,0.464426784305,0.451976697725
7127565,0.0891654862572,0.33567451827,0.575159995473
6827899,0.0180305229142,0.107944085757,0.874025391329
6934855,0.00310190645787,0.0529243025893,0.943973790953
6861826,0.0426899380519,0.216799223248,0.7405108387
6871643,0.0340434966492,0.325212849752,0.640743653599
6842542,0.00926929575137,0.0821496050088,0.90858109924
6934145,0.0263639288255,0.0840661929651,0.889569878209
6829365,0.10152775741,0.3734965967,0.52497564589
7167858,0.0371635451198,0.199308935044,0.763527519836
6859483,0.0330330967832,0.258432165352,0.708534737865
6861377,0.0499055408797,0.237849875336,0.712244583784
6848960,0.074772856917,0.314269341624,0.610957801459
6918850,0.0173158608148,0.187970149089,0.794713990096
6916867,0.218383265926,0.452562042696,0.329054691379
6895840,0.0156496985841,0.181226152134,0.803124149282
6813539,0.257374277331,0.413263270265,0.329362452404
7116900,0.112163040165,0.349217416215,0.53861954362
6890328,0.173541897595,0.256923621608,0.569534480797
6879406,0.0490240449922,0.139474707704,0.811501247304
6824924,0.107976971789,0.319319118218,0.572703909994
6911302,0.0525257316761,0.146027703909,0.801446564414
6918742,0.187520852945,0.568296129261,0.244183017794
6910586,0.00849620583142,0.110068968735,0.881434825434
6821750,0.0205881547366,0.123732051303,0.85567979396
6860647,0.0493075747742,0.478496454334,0.472195970892
6932873,0.115426952474,0.401206358673,0.483366688853
6846053,0.00706101526725,0.0670857579049,0.925853226828
6940365,0.0452920007156,0.237665931483,0.717042067802
6931867,0.0394128034963,0.176712290066,0.783874906438
6876383,0.0404606792243,0.0957424263156,0.86379689446
6910980,0.123389938611,0.325421185083,0.551188876306
6880877,0.0499622002577,0.26116978371,0.688868016032
6839552,0.0593597461879,0.553489614667,0.387150639145
6838051,0.318727762381,0.458839040307,0.222433197312
6928201,0.547757684809,0.218437343407,0.233804971784
6945608,0.171673875564,0.542102141709,0.286223982726
6816147,0.100864154307,0.343773533642,0.555362312051
6868129,0.0917190074739,0.394529665967,0.513751326559
6849448,0.0271827437332,0.233539137192,0.739278119075
7113677,0.277354641527,0.412064536861,0.310580821612
6930856,0.013398480636,0.123388040709,0.863213478655
6889594,0.0490807685748,0.279897357202,0.671021874224
6842682,0.00526322361847,0.0586031094891,0.936133666892
6880366,0.217582561859,0.403801130755,0.378616307386
6835063,0.0225045952676,0.0564012675051,0.921094137227
6820479,0.221944880151,0.306839403967,0.471215715882
6882057,0.0155448212556,0.293809013218,0.690646165527
6834440,0.0298395678075,0.212114293047,0.758046139145
6880846,0.0032809037329,0.00766293686552,0.989056159402
6847248,0.00718204209551,0.0387218388205,0.954096119084
6868368,0.0071986357446,0.0481147933029,0.944686570953
6943505,0.0346871618917,0.121740873376,0.843571964733
7174304,0.00927041673809,0.0440889711605,0.946640612101
6880747,0.0463419826549,0.157194640149,0.796463377196
6933565,0.0136718757677,0.208537295063,0.777790829169
6888511,0.00528739643324,0.0297553519332,0.964957251634
6942704,0.0729295361431,0.459925801097,0.46714466276
6840304,0.124077287968,0.417635810551,0.458286901481
6856860,0.050439092865,0.179741504252,0.769819402883
6884921,0.00305968279251,0.0138875082607,0.983052808947
6937417,0.0149040926403,0.0884536644826,0.896642242877
6831129,0.00671844050945,0.0446047680004,0.94867679149
6936660,0.129221342307,0.39399527542,0.476783382274
6940667,0.00295926230483,0.0503160094515,0.946724728244
7201307,0.00272601259241,0.034721046623,0.962552940785
6825434,0.0233295848554,0.216339136461,0.760331278683
6848114,0.0480415773652,0.195736133991,0.756222288643
6947758,0.49238678535,0.342145910433,0.165467304217
6897002,0.177182015575,0.395213315468,0.427604668957
6926661,0.00782862396774,0.106168366813,0.88600300922
6867411,0.0764011590665,0.434397270266,0.489201570667
6910154,0.0189498671953,0.172334905499,0.808715227306
7157900,0.0678042977646,0.259763168926,0.67243253331
6922324,0.0651513905514,0.30179231087,0.633056298578
6863068,0.0326928314966,0.10344951887,0.863857649633
6912109,0.0346073599404,0.244681856003,0.720710784056
6918609,0.03190756745,0.170239780949,0.797852651601
6889300,0.0731995555254,0.364470105033,0.562330339442
6837794,0.057419728392,0.257041941751,0.685538329857
6943098,0.317923888026,0.368051674936,0.314024437038
6927601,0.0947887407385,0.288901910279,0.616309348983
6897826,0.00424793263467,0.0497518536552,0.94600021371
6882892,0.00725685194105,0.0533487796259,0.939394368433
6873384,0.318176127422,0.37743363581,0.304390236768
6934693,0.0319147872091,0.161035202367,0.807050010424
7224450,0.0448297187347,0.275338827537,0.679831453729
6898157,0.0209661815777,0.0775190211106,0.901514797312
6837355,0.00361919913148,0.0538892429559,0.942491557913
6830595,0.133443470617,0.492417171795,0.374139357587
6943561,0.12435109062,0.441947515339,0.433701394041
6844380,0.287163805109,0.432997448208,0.279838746684
6814286,0.0204168220977,0.153331839861,0.826251338041
6898520,0.0886818622168,0.411779931907,0.499538205876
6940979,0.327831698135,0.285475745083,0.386692556782
6851090,0.182726353496,0.270123905943,0.547149740561
7107169,0.0371164323242,0.232712925178,0.730170642498
6830287,0.164961897286,0.166092109822,0.668945992891
6933575,0.132821032045,0.457791268751,0.409387699204
6938972,0.12854235515,0.325195796587,0.546261848262
6888315,0.00534343213063,0.0248063364617,0.969850231408
6855106,0.016718226343,0.13994931147,0.843332462187
6838237,0.125596760511,0.456391260188,0.418011979301
6901024,0.0940364429298,0.254191976961,0.651771580109
6846627,0.0188051167059,0.110486407507,0.870708475787
7219857,0.000903997468369,0.0456382504834,0.953457752048
6852685,0.0442123698851,0.296953948076,0.658833682038
6831610,0.150424799894,0.519910509443,0.329664690664
6943538,0.117171956244,0.486599493265,0.396228550491
6911637,0.00751175800684,0.0264032185232,0.96608502347
6854543,0.0190946701536,0.100469303294,0.880436026552
6940451,0.0662534375102,0.344309426087,0.589437136403
6819530,0.311785314632,0.35658769168,0.331626993688
7093396,0.0571366467884,0.32478058761,0.618082765602
6840326,0.0381119404829,0.103540251084,0.858347808433
6834204,0.0654927993758,0.201652295761,0.732854904863
6902518,0.123649997976,0.405535052478,0.470814949546
6930253,0.0254161524569,0.153614132631,0.820969714912
6828293,0.00472621381059,0.0494747420942,0.945799044095
7203744,0.354350776889,0.286034983209,0.359614239902
6816478,0.0412658899478,0.156408453511,0.802325656542
6868890,0.0205487778602,0.194917078893,0.784534143246
6879338,0.0721741511626,0.390275221865,0.537550626973
6898532,0.0566309797513,0.242462276622,0.700906743626
6899965,0.0153979410843,0.0621285523036,0.922473506612
7133875,0.00496658880919,0.0292629023454,0.965770508845
6822218,0.0841252699609,0.214990781185,0.700883948855
6814018,0.12509861488,0.138193791783,0.736707593337
6896376,0.185735129469,0.340106819377,0.474158051154
6918670,0.0528866326436,0.321733913426,0.625379453931
6867839,0.00586539167939,0.0704457695989,0.923688838722
6823554,0.00565172733154,0.0894681884956,0.904880084173
6934798,0.0400473794114,0.0781095773068,0.881843043282
6820823,0.135067534217,0.450076916384,0.414855549399
6880212,0.0594547755055,0.170237052649,0.770308171845
6934814,0.00684922379644,0.088560449774,0.90459032643
7254134,0.0681355138796,0.144168173732,0.787696312388
6938303,0.286687463091,0.460050597646,0.253261939262
6813807,0.0470408431034,0.361012021061,0.591947135836
6878604,0.0172095973658,0.116555948418,0.866234454216
6876763,0.0265795502654,0.035875505939,0.937544943796
6844352,0.0141161174379,0.142026395026,0.843857487536
6915939,0.262755150208,0.420202196468,0.317042653325
7109370,0.0811598178657,0.327740733305,0.591099448829
6855445,0.0692842558441,0.201233555371,0.729482188785
6818668,0.0322934398935,0.323992465986,0.643714094121
6836527,0.00385554029885,0.0140887321422,0.982055727559
6831717,0.0347142684174,0.159737076828,0.805548654755
6937162,0.0768689796734,0.348875747205,0.574255273121
6922876,0.0385296490581,0.0928080471945,0.868662303747
7109482,0.0502316938132,0.380843123507,0.568925182679
6940972,0.0857055492411,0.296626437512,0.617668013247
6883790,0.105120541086,0.326447724864,0.56843173405
6921643,0.0176124308995,0.25453211831,0.727855450791
6935700,0.004600823709,0.0761551996962,0.919243976595
6827025,0.055295233514,0.222976694521,0.721728071965
6943096,0.0873602477132,0.155083006797,0.75755674549
7161468,0.00776335036245,0.0367482493711,0.955488400266
6879610,0.0215087754133,0.129102280653,0.849388943933
6935762,0.0534513270416,0.270641944014,0.675906728945
6925042,0.0385133391435,0.0871995424992,0.874287118357
7121050,0.0671356900356,0.303373136443,0.629491173521
6821601,0.0745849433972,0.158749754829,0.766665301774
6926810,0.0321747021977,0.172632009943,0.79519328786
6946532,0.0191630254217,0.211420142569,0.76941683201
6875171,0.0930657386349,0.409123079472,0.497811181894
7096285,0.140558297144,0.291965858176,0.56747584468
6812321,0.0142173710112,0.0941298025323,0.891652826456
6822697,0.0774819839524,0.170164171443,0.752353844604
6941294,0.00572869208032,0.168921854962,0.825349452957
6873564,0.00742004826855,0.0473346810761,0.945245270655
6926791,0.0438228922514,0.404520243841,0.551656863907
7142444,0.551629361286,0.298448850833,0.149921787881
6878128,0.121061562783,0.482960370353,0.395978066865
6927428,0.0723912059779,0.223906758402,0.70370203562
6812674,0.0034266517447,0.00695894837842,0.989614399877
6881774,0.147629451153,0.2716491874,0.580721361447
7167797,0.00516933187694,0.050229025899,0.944601642224
6865238,0.0817474767077,0.545519409447,0.372733113845
6841710,0.048699184127,0.107167275871,0.844133540002
6856334,0.0119404276569,0.106366969373,0.88169260297
6906462,0.00965999129166,0.234375525787,0.755964482922
6837438,0.105105018829,0.203885458394,0.691009522777
6908277,0.163840086647,0.463733045663,0.37242686769
6841291,0.0117975936184,0.0541626213822,0.934039784999
6915178,0.130155690853,0.482184151437,0.38766015771
6893031,0.153653831216,0.389248125107,0.457098043677
6894985,0.326785936445,0.461510197478,0.211703866077
6931134,0.138362758636,0.383025428214,0.47861181315
6872264,0.324242745222,0.389084133384,0.286673121394
6816953,0.262327294975,0.398265506242,0.339407198783
7163518,0.296491484454,0.438931745224,0.264576770323
6893253,0.0291768753481,0.196809952751,0.774013171901
6943822,0.068250553335,0.240943706755,0.69080573991
6946313,0.031586429864,0.204989168162,0.763424401974
6839443,0.0485084720559,0.142480579367,0.809010948577
6911338,0.0636619745009,0.209019257815,0.727318767685
7223877,0.490018265754,0.300007304621,0.209974429625
6917884,0.0348536594312,0.283999956536,0.681146384033
6823126,0.00296565492226,0.0301302353529,0.966904109725
6939488,0.142681630057,0.238896115352,0.618422254591
7196924,0.0223389183624,0.0625156959161,0.915145385721
6905685,0.0377698819399,0.204085758852,0.758144359208
6894092,0.0166598409973,0.0641327554917,0.919207403511
6812181,0.0399511942835,0.123937226741,0.836111578975
6854610,0.0428166462336,0.316043764667,0.641139589099
6873754,0.192500257751,0.36020828356,0.447291458689
6859181,0.870664431921,0.0775100928021,0.051825475277
6825402,0.0295288434228,0.205276117702,0.765195038875
6819526,0.0372780483748,0.198905474815,0.763816476811
6896065,0.00281905006071,0.050300910158,0.946880039781
6931793,0.0676946177477,0.2552734194,0.677031962853
6907360,0.0305690806834,0.165624710749,0.803806208568
6813182,0.0132285231884,0.0763590821355,0.910412394676
6823959,0.0422065369858,0.192789017737,0.765004445277
6942189,0.0976995757812,0.384751427817,0.517548996402
6844384,0.061228795146,0.21551541646,0.723255788394
6836888,0.311591769585,0.280839087147,0.407569143268
6917844,0.00657960625025,0.213877578016,0.779542815734
6937842,0.094927325392,0.449171407349,0.455901267259
6926917,0.104027768096,0.404381607976,0.491590623928
7160740,0.103830132834,0.283697855449,0.612472011717
6936310,0.0334466214157,0.277429957017,0.689123421568
6849109,0.125153001267,0.467068547046,0.407778451686
6831018,0.00460180608782,0.0371810643845,0.958217129528
6909842,0.00597602879321,0.0598634951765,0.93416047603
6861360,0.0128048526178,0.0715278009441,0.915667346438
6883414,0.0542820985873,0.276132712216,0.669585189197
6876026,0.027259625788,0.176804638078,0.795935736134
7095390,0.00149529480676,0.00778153313496,0.990723172058
6932265,0.372050288568,0.41120462049,0.216745090942
6870949,0.132999407847,0.284769956,0.582230636153
6831335,0.118577791105,0.375823902997,0.505598305898
6895698,0.144972933916,0.337882331863,0.517144734221
6889889,0.117989089412,0.269090560343,0.612920350245
6876679,0.0701969063963,0.152559415559,0.777243678044
6947097,0.328282172923,0.240696886313,0.431020940764
6874970,0.016828800227,0.075375211101,0.907795988672
6831069,0.348752285053,0.430923253579,0.220324461369
6833628,0.11449887919,0.232980375683,0.652520745126
6819282,0.0748550607432,0.311969421546,0.61317551771
6825025,0.0422082392739,0.19006418301,0.767727577716
6856513,0.0611990527543,0.387348020514,0.551452926732
6928711,0.00345048281409,0.0225343128524,0.974015204334
6832548,0.100138077684,0.396936413123,0.502925509193
6881870,0.0312068431826,0.265449055945,0.703344100872
6866978,0.207504305283,0.499473662082,0.293022032636
7163400,0.296491484454,0.438931745224,0.264576770323
6917187,0.0899283077141,0.190089692798,0.719981999488
6927475,0.0344963467952,0.239671919772,0.725831733433
6903243,0.08090361857,0.196860883451,0.722235497978
6876188,0.0120827512685,0.144090339894,0.843826908838
6922219,0.0133395153838,0.0872770517495,0.899383432867
7104085,0.00205614048195,0.0150037907113,0.982940068807
6920897,0.137036967388,0.395492323075,0.467470709536
6812177,0.011269171783,0.0907352669536,0.897995561263
6941047,0.0645728673585,0.459172854514,0.476254278127
6827609,0.00688722994572,0.0408968082895,0.952215961765
6934328,0.011777400813,0.0862834430283,0.901939156159
6937556,0.334133297189,0.448341991614,0.217524711197
6879765,0.133425084178,0.577394073078,0.289180842744
6942927,0.0217840328718,0.0912412573133,0.886974709815
6945170,0.0793806810819,0.257866689611,0.662752629307
6901915,0.0729316536944,0.294002872707,0.633065473599
6824475,0.02746084555,0.263774240908,0.708764913542
6832968,0.124306171083,0.284267417349,0.591426411568
7166718,0.000615802599616,0.0399102463884,0.959473951012
6905079,0.00858395269645,0.126480590207,0.864935457097
6940297,0.0928164958663,0.718086619877,0.189096884257
6911080,0.0510629292159,0.366575340156,0.582361730628
6917208,0.0277363276811,0.095166990439,0.87709668188
6858925,0.0811815712059,0.418445860063,0.500372568731
7169883,0.140970318089,0.477984821835,0.381044860077
6944112,0.261605049734,0.515932991047,0.22246195922
6885816,0.029538829854,0.177911780261,0.792549389885
6837733,0.0234029580161,0.100402981653,0.876194060331
6828658,0.0468901877598,0.219985018725,0.733124793515
6839429,0.190600915423,0.533979161457,0.27541992312
7164794,0.0832140889928,0.265413631306,0.651372279702
6837661,0.101364059881,0.284921348352,0.613714591767
6883255,0.0218994767736,0.197203273554,0.780897249673
6833054,0.0765059902134,0.251261015423,0.672232994364
7675463,0.0691398099824,0.313389226074,0.617470963944
6871526,0.108048066909,0.242436030115,0.649515902976
6876295,0.103226122011,0.331920291887,0.564853586102
7204045,0.0108270183258,0.0836509990982,0.905521982576
6840357,0.147229279251,0.389111453852,0.463659266898
6917531,0.00925476902181,0.107389435381,0.883355795597
6886057,0.343324708217,0.371381527066,0.285293764717
6833734,0.132026936453,0.420960475104,0.447012588443
6908098,0.0729262045727,0.262800318851,0.664273476577
6860562,0.0361356062042,0.178327173415,0.78553722038
6859167,0.125158396468,0.295360326139,0.579481277393
6812141,0.00543112061802,0.0726085033304,0.921960376052
6919431,0.00432619857023,0.0626696992705,0.933004102159
6869389,0.02918350397,0.0974346699666,0.873381826063
6906034,0.0454262430941,0.128234246791,0.826339510114
7108495,0.0016352732126,0.0139249453228,0.984439781465
6864681,0.00298101958138,0.046864100288,0.950154880131
6893982,0.0217797838018,0.10485780162,0.873362414579
6862160,0.0520400306843,0.204618415327,0.743341553988
6854804,0.0269230297204,0.266608059887,0.706468910392
7143164,0.0149855701792,0.342435919139,0.642578510682
6936651,0.0677238089982,0.17408938073,0.758186810271
6837450,0.0572682468761,0.190400129843,0.752331623281
6908259,0.664550121244,0.183367329204,0.152082549552
6916539,0.0824191630444,0.331156910782,0.586423926174
6947176,0.124329303038,0.288264155893,0.587406541069
6933958,0.334273729918,0.412792818169,0.252933451913
6816549,0.249513744343,0.501591724861,0.248894530795
6876117,0.0056621196356,0.134056927617,0.860280952748
6848605,0.0461399706948,0.255847181426,0.698012847879
6840659,0.109982239219,0.208239313104,0.681778447676
6823496,0.176847861111,0.43954460867,0.383607530219
6912609,0.00327327946068,0.0130557562893,0.98367096425
7097937,0.0198902412511,0.0968259531882,0.883283805561
6924524,0.017640076993,0.253545521713,0.728814401294
6938236,0.0764798505362,0.309615031404,0.61390511806
6865751,0.00695046925046,0.0372512301135,0.955798300636
6936323,0.00640399023257,0.0898733777528,0.903722632015
6868422,0.111926125697,0.328998809781,0.559075064522
7210133,0.059766616533,0.274323536524,0.665909846943
7215631,0.0209632125418,0.123497377288,0.85553941017
6940189,0.0298535025759,0.219340310052,0.750806187372
6888941,0.00264736520402,0.036166151313,0.961186483483
6831598,0.169716248032,0.361704978293,0.468578773676
6939963,0.0168141875218,0.111083701051,0.872102111428
6897175,0.308608187791,0.367577583739,0.32381422847
6816167,0.0779686431067,0.242989629445,0.679041727449
6812965,0.0212715116802,0.220958255945,0.757770232375
7149372,0.206801032869,0.446606878934,0.346592088198
6875959,0.0151234187803,0.0626104421961,0.922266139024
6925644,0.0676364175879,0.42868655158,0.503677030832
6874269,0.134554880865,0.31899592008,0.546449199055
6814721,0.0420917928249,0.142758744572,0.815149462603
6922432,0.0209621656087,0.411591053038,0.567446781353
6858861,0.0224322359701,0.172373434548,0.805194329481
6835339,0.0256185640718,0.059356941525,0.915024494403
6896997,0.271486412833,0.295843363617,0.43267022355
6921134,0.00617743308815,0.0301960884685,0.963626478443
6883685,0.141106916427,0.588217905067,0.270675178506
6911406,0.00262209241267,0.00830685613985,0.989071051447
6825733,0.336055829483,0.321067783696,0.342876386821
6884462,0.190763700355,0.432859162517,0.376377137128
6858682,0.019978222977,0.0864362249358,0.893585552087
6894013,0.204028143166,0.417747860101,0.378223996733
6856391,0.27435528025,0.338092644481,0.38755207527
6828064,0.00313047019428,0.0550019012541,0.941867628552
6817336,0.00295412253247,0.0375469331585,0.959498944309
6819178,0.0515576214656,0.169801649309,0.778640729226
7147339,0.133750307864,0.325963963312,0.540285728824
6887757,0.146519573247,0.540415281612,0.313065145141
6946859,0.0452347941423,0.241065550363,0.713699655494
6855963,0.0180083800761,0.0756822296007,0.906309390323
6839828,0.0978026179474,0.316746173837,0.585451208216
6870806,0.15539046766,0.450800919674,0.393808612666
6880221,0.0947491299322,0.437353985821,0.467896884247
6921809,0.0302927905559,0.360352007117,0.609355202328
6897069,0.0728948876163,0.460365789123,0.46673932326
6897157,0.255018039766,0.449786725062,0.295195235172
6898912,0.033824708406,0.209247721646,0.756927569948
6856271,0.154797560227,0.309512171028,0.535690268745
6888381,0.000616147186989,0.00786636886878,0.991517483944
7099191,0.00446666477509,0.0665544813085,0.928978853916
6917882,0.105773892482,0.454858080603,0.439368026915
6931260,0.00239043586928,0.0285410180934,0.969068546037
6849996,0.10286517795,0.517298491584,0.379836330466
6887973,0.0619292969283,0.241987582582,0.69608312049
6850205,0.144503826525,0.575259857732,0.280236315743
6845657,0.0898877791046,0.340723279368,0.569388941528
6930302,0.0243131629153,0.0837631912206,0.891923645864
6852391,0.0846017341323,0.194258231688,0.72114003418
6920411,0.327984875844,0.253739337717,0.418275786438
6907999,0.0141110719146,0.127721903259,0.858167024827
6864094,0.0227610848303,0.303831502699,0.673407412471
6813852,0.0375896518161,0.198683626647,0.763726721537
7232295,0.295065310475,0.355571344959,0.349363344566
6896558,0.0876636140142,0.270489267095,0.64184711889
6858919,0.0479673785269,0.386697828344,0.56533479313
6847828,0.0756234052254,0.232803282016,0.691573312758
6925116,0.065594018301,0.300837283598,0.633568698101
6854687,0.0418752631191,0.212635977017,0.745488759864
6946415,0.0798883438389,0.381467629163,0.538644026998
6827859,0.000217661049796,0.0016081562263,0.998174182724
6884313,0.317102244165,0.539514312864,0.143383442971
6848651,0.034360843363,0.277521885926,0.688117270711
7136298,0.0235558778961,0.218477035232,0.757967086872
6874534,0.0736549481549,0.310733925873,0.615611125972
6908942,0.341695163295,0.389644022008,0.268660814696
6894718,0.00235849831479,0.0408908577263,0.956750643959
6876449,0.0562600471968,0.235613568076,0.708126384727
6825630,0.155446285701,0.438329564094,0.406224150205
7155655,0.0362470772959,0.141163748053,0.822589174651
7201310,0.0341899538899,0.204598300525,0.761211745585
6864334,0.0227299075262,0.103887906276,0.873382186197
6876658,0.0149711056159,0.111289703304,0.873739191081
6842370,0.158027856589,0.253700051568,0.588272091843
6835467,0.330464728939,0.35170082148,0.31783444958
7227368,0.125431167475,0.366870294855,0.50769853767
6859482,0.110281704221,0.272731504403,0.616986791376
6878641,0.072981912213,0.232798089521,0.694219998266
6869916,0.000110672335838,0.00144030955981,0.998449018104
6841060,0.0582899964167,0.185338126878,0.756371876705
6887832,0.0298064455497,0.19556903749,0.774624516961
6905898,0.0193462054009,0.0416034698367,0.939050324762
7104742,0.142315479576,0.563879151148,0.293805369276
6948090,0.0619212408729,0.367098770489,0.570979988638
6839851,0.0987102293669,0.352225320074,0.549064450559
6934051,0.0334128792613,0.114503527082,0.852083593657
6888727,0.158956888258,0.403721155359,0.437321956384
7167478,0.023552170277,0.0942708421673,0.882176987556
6892109,0.231320471196,0.428492131062,0.340187397742
6908544,0.430346702471,0.265821468324,0.303831829205
6921725,0.0566853644209,0.274270591866,0.669044043713
6932343,0.0613287959988,0.660841543738,0.277829660263
6914309,0.00944918550246,0.0911429999181,0.899407814579
6919805,0.0680876811019,0.250649400494,0.681262918404
6947828,0.0762574140136,0.293557149306,0.63018543668
6920362,0.0737535600587,0.204459030199,0.721787409742
7110179,0.396020780674,0.320984105743,0.282995113583
6877834,0.124018693267,0.454717605727,0.421263701006
6876966,0.0415651714308,0.273304616283,0.685130212286
6823918,0.0365690313589,0.111949062883,0.851481905758
6871243,0.00617570374746,0.0707209972989,0.923103298954
6928189,0.23036552994,0.427223570512,0.342410899548
6852455,0.0689076968531,0.171357234231,0.759735068916
7208631,0.0257724002518,0.259353757751,0.714873841997
6831811,0.154515088248,0.513907558189,0.331577353563
6904276,0.0120881400584,0.0568256788569,0.931086181085
6831589,0.0850203534326,0.240307102102,0.674672544465
6901814,0.0389622471568,0.169646904587,0.791390848256
6854667,0.718332054526,0.172531170694,0.109136774781
7192650,0.00898157064272,0.0442784391553,0.946739990202
6836299,0.0188593141665,0.128791037921,0.852349647912
6887919,0.014363146204,0.141192180445,0.844444673351
6927679,0.0931296679856,0.414551713871,0.492318618144
6855908,0.0489234898991,0.216959057292,0.734117452809
6854766,0.0133883091192,0.0854774061238,0.901134284757
6847472,0.0325679590307,0.0999442357032,0.867487805266
6862519,0.0746869097901,0.315474059157,0.609839031053
6938819,0.335163894941,0.407535091459,0.2573010136
6945434,0.0451473698928,0.304361311176,0.650491318931
6832722,0.704940095296,0.156685521931,0.138374382773
6852707,0.0163075806565,0.104230696591,0.879461722752
7177680,0.0484996023015,0.386147671587,0.565352726111
6834945,0.0365144038555,0.0818256703231,0.881659925821
6890316,0.0450579080693,0.264339639145,0.690602452786
6816620,0.0124684927571,0.114602933398,0.872928573845
6945175,0.0151842332409,0.142780822052,0.842034944707
6914016,0.0408060592897,0.21034303773,0.74885090298
6852619,0.0785962689789,0.194547609758,0.726856121263
6813211,0.0871534908559,0.404419004063,0.508427505081
6820546,0.0150511183831,0.117782765397,0.86716611622
6836128,0.0100576516316,0.0465350994512,0.943407248917
6850557,0.106850695349,0.509999687157,0.383149617494
6864997,0.0786256997989,0.083505767901,0.8378685323
6883705,0.0149803447556,0.0680875044991,0.916932150745
6898767,0.00563488257326,0.0639991389542,0.930365978473
6866020,0.0257672713416,0.108907795812,0.865324932847
7126382,0.272736209609,0.381383349406,0.345880440985
6847427,0.0960066714902,0.439270887315,0.464722441195
6841013,0.0882621209464,0.244512983463,0.667224895591
6909469,0.000732149830363,0.00981243445926,0.98945541571
6922473,0.00585754610428,0.0514330781638,0.942709375732
6925906,0.04203357462,0.326126078123,0.631840347257
6946014,0.132399416675,0.356809597827,0.510790985499
6820739,0.023216661746,0.210889404546,0.765893933708
6927559,0.394367383159,0.337880950492,0.267751666349
7174772,0.00776873793878,0.0364155842192,0.955815677842
6931036,0.0296340037745,0.339546036892,0.630819959333
6918163,0.0112257246359,0.180481008184,0.808293267181
6893604,0.133641336175,0.281395499011,0.584963164814
6868844,0.132701533442,0.36789233162,0.499406134938
6814537,0.393726963949,0.287049260826,0.319223775226
6916118,0.00561832252031,0.0306887121636,0.963692965316
6838509,0.0792966455558,0.267748975386,0.652954379058
6919725,0.153104498482,0.392456089233,0.454439412285
6932476,0.00113867738974,0.0254532825197,0.973408040091
6860496,0.104214585648,0.449849301524,0.445936112828
7156799,0.060440934011,0.425043484004,0.514515581985
6837521,0.00809773394458,0.0992495721413,0.892652693914
6913204,0.0524791026002,0.385897366326,0.561623531074
6947516,0.0932568971345,0.432733152906,0.474009949959
6838117,0.0207711146506,0.175616733148,0.803612152202
6933366,0.0591942186081,0.35959113246,0.581214648932
7134198,0.0307594929855,0.233248571786,0.735991935228
6898450,0.103566977435,0.321812207122,0.574620815443
6819926,0.0191730991833,0.100754308352,0.880072592465
6947698,0.10857794786,0.249829604772,0.641592447368
6838721,0.0140463282276,0.0665205187315,0.919433153041
6936661,0.101891042914,0.506475475099,0.391633481987
6912257,0.0470469698328,0.366403035079,0.586549995088
6905569,0.00139039578452,0.0216049701466,0.977004634069
6927167,0.355865496396,0.372122630322,0.272011873282
7150689,0.0626848893901,0.15974837979,0.77756673082
6820358,0.0819474146163,0.202088599948,0.715963985435
6945045,0.0401663006807,0.299740012175,0.660093687145
6866884,0.0807017953483,0.149710869318,0.769587335334
6820658,0.0828158613609,0.269164262983,0.648019875656
6826462,0.0707616354302,0.519354597691,0.409883766879
6932390,0.0122764040425,0.154916523344,0.832807072614
6905031,0.410562463412,0.359469047896,0.229968488691
6923011,0.0219206174398,0.165071328592,0.813008053968
6908504,0.158291039164,0.410590063338,0.431118897498
6881050,0.194693823735,0.10775516736,0.697551008905
6892968,0.0087885804861,0.152551418331,0.838660001183
7346996,0.259829832682,0.441691988116,0.298478179202
6876206,0.0129441312854,0.144062336635,0.842993532079
6813475,0.058070399024,0.360802028601,0.581127572375
7190057,0.0951609656204,0.135516635055,0.769322399325
6838465,0.0915758013856,0.324864672584,0.58355952603
6899364,0.0699794048441,0.17999222123,0.750028373926
6891616,0.000242816434721,0.00313166225413,0.996625521311
6836715,0.0259239453173,0.183240194861,0.790835859822
6829616,0.0139500351164,0.142532700629,0.843517264255
6829144,0.0399111801686,0.331479275788,0.628609544043
6893064,0.027113622606,0.205945146675,0.766941230719
6861300,0.00780984888131,0.110114771801,0.882075379318
6926847,0.0808538765533,0.492821858118,0.426324265328
6894021,0.0182641024761,0.124932335694,0.85680356183
6897946,0.00923427707421,0.02716298031,0.963602742616
6835716,0.0929917892909,0.185550362375,0.721457848334
6832160,0.400819967449,0.393952276133,0.205227756418
6835291,0.127559039989,0.28892939792,0.583511562091
6945184,0.0223313029732,0.193144208763,0.784524488264
7140488,0.040608856918,0.325080351815,0.634310791267
6937850,0.096954414724,0.340155196613,0.562890388663
6899603,0.0900545443877,0.145139137936,0.764806317676
6903105,0.188754625049,0.366234768365,0.445010606586
6828476,0.0175987026867,0.161325571821,0.821075725493
6835098,0.0404520757077,0.0933495444157,0.866198379877
6830512,0.0721901105691,0.16710628556,0.760703603871
6879997,0.0633595183173,0.233452792887,0.703187688796
7131517,0.0666474972298,0.394009806958,0.539342695812
6835955,0.114370835739,0.333685128563,0.551944035699
6875250,0.0323822144266,0.181655039093,0.78596274648
6932794,0.0936741137724,0.387976160278,0.51834972595
6948263,0.0660515620637,0.455404613543,0.478543824393
6867201,0.167582913518,0.516406216413,0.316010870069
6882748,0.180163489619,0.204112163579,0.615724346801
6902842,0.182083667103,0.332681056574,0.485235276323
6847535,0.0508308146263,0.344674512191,0.604494673183
6825267,0.027215789547,0.185968873451,0.786815337002
6909277,0.0483153306763,0.104514225245,0.847170444078
7152429,0.331831448253,0.388687602978,0.279480948769
6931179,0.00162430171979,0.033480638832,0.964895059448
6896746,0.180517291027,0.402423737849,0.417058971125
6937073,0.00557464592181,0.150331194469,0.84409415961
6934627,0.00461829299841,0.0153226418603,0.980059065141
6887878,0.157943817602,0.426364672896,0.415691509502
6921531,0.0440542049639,0.193656835499,0.762288959537
6897461,0.00769157629386,0.0464621430491,0.945846280657
6862066,0.175008599559,0.294492686587,0.530498713854
6851531,0.151364507452,0.431310326829,0.417325165719
6928550,0.0130765570312,0.0667584265999,0.920165016369
6945851,0.0758725176625,0.193690218781,0.730437263556
6946955,0.00612211882231,0.0280003156701,0.965877565508
6869136,0.137219322493,0.561566252485,0.301214425022
6908667,0.0896750997284,0.26221325209,0.648111648181
6820525,0.0718698840422,0.218235731369,0.709894384588
6887970,0.12029783406,0.373249046951,0.506453118989
6848365,0.0528785234293,0.36696684035,0.58015463622
6816173,0.0659025545951,0.18073056582,0.753366879585
6900732,0.00364693368438,0.0146354858559,0.98171758046
6815786,0.0829105947674,0.457750131895,0.459339273338
6945972,0.158568331994,0.372376230397,0.469055437609
6848445,0.032150323201,0.175310443985,0.792539232814
6856486,0.155470740534,0.412409828379,0.432119431087
6867010,0.0634621495293,0.305208525688,0.631329324783
6828257,0.136718327621,0.130342683958,0.732938988421
6871807,0.0280520330838,0.17588354942,0.796064417496
7212966,0.000334243487565,0.0206115239348,0.979054232578
6889959,0.0990050369736,0.280441778729,0.620553184297
6915510,0.0110371375015,0.0954650323503,0.893497830148
6905402,0.0111682999943,0.119273451071,0.869558248935
6826100,0.129901137856,0.495011067246,0.375087794898
6848893,0.0258721111267,0.244062390383,0.730065498491
7155647,0.200866516268,0.304561075697,0.494572408035
6812883,0.136775137953,0.587135348434,0.276089513614
6866095,0.00970133112098,0.0801601584175,0.910138510462
6931127,0.00699951262686,0.0765359175155,0.916464569858
6829407,0.0156125094971,0.109412793218,0.874974697285
6867548,0.348735049062,0.35363340516,0.297631545778
7132575,0.0433542153419,0.272678084236,0.683967700422
6890847,0.0740765479551,0.218415754537,0.707507697508
6916429,0.0288973644059,0.0382268317042,0.93287580389
6884716,0.496650750918,0.325411281384,0.177937967698
6896897,0.390155351126,0.374347772261,0.235496876612
6941572,0.0644150463681,0.163422782423,0.772162171209
6945277,0.0503623703243,0.389621502225,0.560016127451
7133293,0.0164005433433,0.0945934854146,0.889005971242
7213385,0.00483865154055,0.0402333242667,0.954928024193
6831928,0.0401884502649,0.350811682634,0.608999867101
6932687,0.035965105878,0.140781471983,0.823253422139
6873877,0.0377944826552,0.15875758751,0.803447929835
7135459,0.173152153296,0.211021905687,0.615825941017
6876620,0.00383685018374,0.0342290740731,0.961934075743
6936163,0.0143805210315,0.139097576537,0.846521902432
6912398,0.173391154437,0.273582876459,0.553025969104
6917655,0.00653313489384,0.0540073775425,0.939459487564
6941149,0.0393521408399,0.179885341625,0.780762517535
6941378,0.0109156352469,0.0905250387433,0.89855932601
6882453,0.0147490095587,0.131840566679,0.853410423763
7119160,0.0493249089635,0.144263901957,0.806411189079
6868451,0.096402686601,0.306552960868,0.597044352531
6945881,0.0324674303418,0.286623707029,0.68090886263
6822541,0.105811890966,0.192308693704,0.70187941533
6884355,0.0977380633584,0.423974062597,0.478287874045
7132247,0.0501712287201,0.286674667651,0.663154103629
6872049,0.0813522474696,0.340770605748,0.577877146783
6890740,0.0390427357893,0.179964504429,0.780992759782
6840897,0.178849305694,0.316102425464,0.505048268842
6847694,0.0224222742157,0.162331144839,0.815246580946
6938196,0.0173666785887,0.178164731942,0.80446858947
6939526,0.0181912107714,0.112177304522,0.869631484707
6917529,0.00170185892196,0.0121198471342,0.986178293944
6885636,0.00745185971941,0.0781343058917,0.914413834389
7202614,0.00154700623016,0.0151565763469,0.983296417423
6926453,0.174818133882,0.485752842174,0.339429023944
6844636,0.172481260708,0.357155719593,0.4703630197
6879293,0.367350632852,0.393193636287,0.239455730861
6924780,0.0761979221698,0.286818715685,0.636983362145
6881024,0.0250355445541,0.040867827769,0.934096627677
6851374,0.144931366555,0.243008687141,0.612059946305
6850953,0.00967654928204,0.13633274251,0.853990708208
6892292,0.0110914153649,0.0897537532799,0.899154831355
6886159,0.00660506765571,0.0619788089237,0.931416123421
6849877,0.104467574583,0.327616254099,0.567916171318
6940840,0.00746375630164,0.11850656968,0.874029674018
6926838,0.0583304973621,0.438974886911,0.502694615726
6879243,0.209449372006,0.395916531297,0.394634096697
6944286,0.0972150917002,0.26438450334,0.63840040496
6915587,0.301803287419,0.378080697088,0.320116015493
6881904,0.0505895137323,0.207015829329,0.742394656939
7154358,0.223133351346,0.366862474652,0.410004174001
6899258,0.00601249910294,0.133294477244,0.860693023653
6855460,0.187844524761,0.535080195172,0.277075280067
6864884,0.0196933119322,0.095116366861,0.885190321207
6868209,0.178549512649,0.3594278738,0.46202261355
6853834,0.0827966687536,0.295573310096,0.62163002115
7210020,0.0668388066949,0.468547765599,0.464613427706
6933228,0.0269537379396,0.231378290276,0.741667971784
6929227,0.0978447159777,0.324010354059,0.578144929963
7192346,0.138630672642,0.295495685783,0.565873641575
6928834,0.0219465111596,0.143872926844,0.834180561996
6812269,0.0125831923756,0.0816519783809,0.905764829244
6851446,0.0415654849315,0.199475986473,0.758958528596
6930820,0.00428962180688,0.0387279674346,0.956982410759
6875310,0.0686600831032,0.171958606984,0.759381309913
6932397,0.0669675777309,0.432554256289,0.50047816598
6904291,0.013000194405,0.0393989616069,0.947600843988
6921642,0.0272763836729,0.483401095746,0.489322520581
7136057,0.172953444847,0.28688370244,0.540162852713
6920815,0.0313328764584,0.149883497056,0.818783626486
6861757,0.16942081231,0.410250221454,0.420328966236
6934222,0.522393950536,0.310862093993,0.166743955471
6946448,0.0157042006598,0.108478666594,0.875817132746
6890569,0.0830379408557,0.240585398045,0.676376661099
6884477,0.0814678007829,0.272033437759,0.646498761459
7145006,0.00425868907869,0.0646185126997,0.931122798222
6893718,0.000817036177494,0.0228520427255,0.976330921097
6893330,0.0115488904484,0.224800887163,0.763650222389
6901780,0.00309325107676,0.0597108559274,0.937195892996
6815738,0.10784860875,0.418899550477,0.473251840773
6917209,0.0154359514188,0.102128136047,0.882435912534
6904227,0.00853989588175,0.0480044637232,0.943455640395
6894402,0.00209566480037,0.0220889437224,0.975815391477
7146083,0.0282346640402,0.24624835556,0.7255169804
6902153,0.0227156331492,0.132375578867,0.844908787984
6925988,0.0926790978176,0.29280326906,0.614517633123
6881323,0.000159493975308,0.00245366272649,0.997386843298
6937405,0.292991596568,0.217771957734,0.489236445698
7098390,0.110883130339,0.440669890831,0.44844697883
6935942,0.196493860389,0.509176958128,0.294329181483
6833510,0.144995877804,0.291762119308,0.563242002888
6812857,0.118064069992,0.320766615294,0.561169314714
6828441,0.160090477862,0.251244786404,0.588664735734
6915711,0.223406137449,0.503934949709,0.272658912842
6880643,0.0859178706712,0.23838635572,0.675695773609
7224930,0.0405525620576,0.307877665757,0.651569772186
6852614,0.00425524785055,0.0781940910887,0.917550661061
6853816,0.104721375371,0.247117692706,0.648160931923
6811964,0.206584583481,0.28816361062,0.505251805899
6847800,0.00545740641294,0.0496691100838,0.944873483503
6859897,0.0709594520891,0.346303714755,0.582736833156
6882929,0.00289094251297,0.048956530334,0.948152527153
7157584,0.0135446002674,0.0839279615245,0.902527438208
6863444,0.0082602089392,0.0198815367371,0.971858254324
6836902,0.0027336953231,0.0419978441611,0.955268460516
6918960,0.0373214882146,0.427880976717,0.534797535069
6882854,0.0432764324108,0.274042176874,0.682681390715
6822755,0.0221098236825,0.0666460303559,0.911244145962
6815184,0.157847400167,0.339927001546,0.502225598287
6846582,0.0278966795468,0.119669952721,0.852433367733
6940309,0.0335586789508,0.164137277887,0.802304043162
6924056,0.00685480725935,0.0804286346206,0.91271655812
6824481,0.027492307201,0.148033745553,0.824473947246
6839735,0.011941222607,0.0811301907841,0.906928586609
6900130,0.0346317754172,0.295573088857,0.669795135726
6946739,0.00728435949769,0.0360284222144,0.956687218288
7144008,0.0360219844686,0.254766317418,0.709211698113
6863751,0.00710998050141,0.0340441127732,0.958845906725
6820293,0.045947837054,0.326651009081,0.627401153865
6818472,0.0356596354871,0.157355233817,0.806985130696
6832420,0.0619278472497,0.235634149073,0.702438003678
6879450,0.00375821063386,0.0717623519249,0.924479437441
6943618,0.0379630989866,0.194423758627,0.767613142386
6883463,0.0300371612577,0.233335905451,0.736626933291
6834919,0.331868501855,0.300610132169,0.367521365976
7505696,0.0143535528182,0.0849697394411,0.900676707741
6903645,0.0111623018726,0.0675002428744,0.921337455253
6831148,0.314155404966,0.336805051516,0.349039543518
6828948,0.0400672528004,0.167451799851,0.792480947348
6878495,0.0120908225305,0.175531962815,0.812377214654
6924862,0.00447384031438,0.035961524035,0.959564635651
6887802,0.0463780422407,0.281805536132,0.671816421627
6903228,0.567571018945,0.255039327588,0.177389653467
6947415,0.00337411883815,0.0328406463304,0.963785234831
6941508,0.293653219294,0.332924819306,0.3734219614
6856111,0.018706592074,0.246190691325,0.735102716601
7126808,0.0419124530493,0.231383181216,0.726704365734
6939857,0.0287177058368,0.161098227235,0.810184066928
6822528,0.252641624505,0.431458529762,0.315899845733
6947631,0.180349473681,0.393738010015,0.425912516304
6887810,0.0143837199178,0.217344851349,0.768271428733
6849210,0.035114981415,0.285340798072,0.679544220513
6901742,0.00139696366475,0.018114902046,0.980488134289
6850925,0.176919742182,0.316357572364,0.506722685455
7181995,0.218580124342,0.394455154363,0.386964721295
6841559,0.00268327757115,0.0168246386535,0.980492083775
6822957,0.0399913152717,0.105460154892,0.854548529837
